
2018-09-04 00:32:57
T0.0
-0.296
0.6144
-0.5106
-0.296
0.6798
-0.3818
-0.296
-0.8625
0.2263
0.4859
0.1779
0.6169
0.5267
0.2023
0.4939
0.4767
0.5499
0.0433
0.4576
-0.2924
0.1655
0.2732
-0.4215
0.4019
0.7845
0.5994
0.4767
0.3612
-0.4767
-0.1695
-0.7939
-0.7082
-0.8126
0.6249
-0.2946
0.6249
-0.4588
0.4019
-0.1695
-0.6486
-0.4767
0.5994
0.0516
0.3182
0.2023
-0.4767
0.0258
-0.1208
-0.6597
0.3182
0.2263
0.5994
-0.2732
0.3182
-0.0516
-0.4939
0.4404
0.3095
0.7184
-0.0276
-0.5423
0.5994
-0.7458
-0.7212
-0.5574
-0.1027
0.2023
-0.2732
-0.9169
-0.3343
-0.5615
0.5106
-0.4019
0.6249
0.4019
-0.4767
0.1779
0.25
-0.5324
-0.5423
-0.34
0.4878
0.6597
-0.5106
0.5574
-0.1531
-0.6705
0.7845
0.4404
-0.0276
0.0258
0.7351
-0.5945
0.5859
0.8271
-0.1531
-0.2023
-0.7003
0.4019
0.4939
0.5267
0.2732
-0.2732
-0.561
0.4939
0.3612
0.8225
0.296
0.3818
-0.3182
0.0772
-0.3182
0.1511
0.7876
-0.5607
0.2755
-0.743
0.6687
0.6249
-0.6812
0.1779
-0.2023
0.4588
-0.6131
-0.3612
-0.8074
0.3182
0.4404
0.4404
-0.25
0.7096
-0.5267
-0.4644
-0.8689
0.4404
-0.1531
0.4926
-0.5255
0.0772
-0.5267
0.2263
0.4939
0.7425
0.4939
0.7351
0.4404
-0.3875
-0.43
-0.4019
0.5719
0.4939
0.3321
-0.6705
-0.5423
-0.7783
-0.7184
-0.6361
-0.25
-0.4404
-0.8481
0.5106
-0.3089
0.34
0.7425
0.3612
0.4404
-0.1285
-0.4391
0.7413
0.4019
0.3612
0.5574
0.4215
-0.0772
-0.1531
0.7684
0.5927
-0.4215
-0.3412
0.3067
0.2023
-0.3415
0.2023
-0.296
0.3612
0.1516
-0.8442
-0.128
-0.8271
-0.836
-0.4939
0.4215
-0.7269
-0.25
-0.0772
-0.25
-0.5267
0.5209
0.4019
-0.2263
-0.7269
0.3612
-0.7506
0.6369
-0.5787
0.707
-0.9013
0.4019
0.2732
-0.4019
-0.6264
-0.264
-0.3412
0.7506
-0.807
0.5095
-0.5413
-0.7506
-0.2732
-0.4657
0.5267
0.0772
0.5106
-0.1531
0.4019
0.5499
-0.1005
-0.1425
-0.374
-0.0258
0.5859
0.7574
0.1027
0.7351
0.4404
-0.124
0.5423
0.1849
0.7096
0.4767
-0.5423
-0.9118
-0.6369
0.5562
0.3612
0.5719
-0.0772
0.1779
0.5423
-0.4015
0.5106
-0.0772
0.4588
-0.3818
0.4588
-0.2617
0.1877
0.4588
-0.1901
-0.8271
-0.5719
0.8881
-0.5499
0.6369
0.765
-0.5093
0.6945
-0.5994
-0.1779
0.6597
-0.1655
-0.6444
0.4118
0.5267
0.5423
0.296
0.3612
-0.4767
0.4939
-0.5267
0.4939
0.128
0.34
-0.5106
-0.34
0.2144
0.5994
-0.3182
-0.8271
0.34
-0.4767
-0.0516
-0.34
-0.6584
-0.0258
-0.8381
-0.3182
-0.5106
0.1781
-0.3804
0.128
-0.1027
-0.5849
-0.296
0.5574
0.3818
0.2732
-0.3612
-0.513
0.3818
0.6369
-0.7351
-0.2263
-0.296
-0.5106
0.6369
-0.5859
0.2732
0.0772
-0.2263
0.7506
0.1779
-0.4576
-0.2263
-0.1531
-0.296
0.1027
-0.4005
0.4404
-0.6652
0.5859
-0.1779
-0.4451
-0.6571
-0.5859
-0.5707
-0.8316
0.3612
0.128
0.3612
-0.2263
-0.5994
-0.4215
0.8442
0.7574
-0.7579
-0.4926
-0.7043
0.4871
0.91
0.2263
-0.6597
0.1531
0.6974
0.5562
0.6696
-0.5994
0.5106
-0.6467
0.6245
0.8701
-0.6249
0.5859
0.4019
0.4754
-0.1027
0.5267
-0.0258
0.7184
-0.4019
0.765
0.4588
-0.3828
0.1893
0.2732
-0.7656
0.4168
-0.7227
-0.8225
0.7269
0.1531
-0.5563
0.9023
-0.34
-0.3818
0.2382
0.6808
0.1779
0.2023
0.7096
0.5859
0.1655
0.7184
0.4728
0.5859
0.34
-0.2584
0.6418
0.2263
0.4404
0.4019
0.5106
-0.3468
-0.4939
0.5267
-0.6124
0.2732
-0.2263
-0.4939
0.3612
0.2732
0.3612
-0.6369
0.3129
-0.3612
-0.5423
-0.0026
-0.5719
-0.4362
-0.5256
0.7227
0.3818
-0.1027
-0.8402
-0.6361
0.128
0.4019
-0.1027
-0.7579
-0.5423
0.4404
-0.7783
0.5994
-0.4019
-0.92
0.296
0.7717
0.4588
-0.6124
-0.7717
0.2263
0.6486
-0.4767
-0.4404
0.5574
0.636
-0.5848
-0.5859
-0.4404
-0.0516
-0.4019
-0.1406
-0.5106
0.4404
0.4576
-0.7906
-0.969
-0.4215
0.5095
-0.8807
0.4404
0.6249
0.6486
0.7847
0.4215
0.8859
-0.9022
0.2732
0.3818
-0.7902
-0.2247
-0.3818
-0.2732
0.3724
0.296
0.4019
0.9081
-0.8382
-0.4767
-0.765
-0.3767
0.0129
0.5574
-0.6908
-0.5574
-0.5848
-0.296
-0.3875
-0.5423
0.6369
-0.4767
0.3182
-0.2714
-0.2714
0.7332
-0.1901
0.4404
0.0603
0.4019
-0.5423
0.0323
-0.6964
0.8176
0.7906
0.8591
0.3182
0.3182
0.7684
0.8779
0.5267
0.7184
0.4703
0.6705
0.6826
-0.296
0.3595
-0.6269
-0.4005
0.4215
-0.3818
0.4215
0.3612
-0.2755
0.1877
-0.4767
-0.4588
-0.501
-0.5994
0.2161
-0.34
0.4404
0.6369
-0.4019
-0.34
0.4404
0.4576
-0.7906
-0.4767
0.6249
-0.6646
0.5984
-0.6705
-0.5719
-0.1779
-0.8205
-0.1531
-0.3182
0.5859
-0.5106
0.802
-0.6124
-0.5709
0.5574
-0.5106
-0.3612
-0.7351
0.4973
-0.25
0.4404
0.3612
0.5267
-0.6486
0.204
0.25
0.4404
-0.5994
-0.3612
-0.765
-0.2263
0.0772
-0.4767
-0.3695
-0.3818
0.3134
0.7351
-0.5423
-0.3049
0.6249
0.9136
0.4927
0.2382
0.8074
0.4404
0.6249
0.7351
0.4588
-0.25
0.6124
0.4404
0.3612
-0.4767
-0.0258
0.4019
0.4404
-0.4767
0.7096
0.4588
0.5106
0.4404
0.4767
0.6124
0.7506
0.9088
0.1779
-0.1531
0.0207
0.4404
0.6597
-0.6016
-0.0165
-0.6705
-0.2263
-0.3412
0.0498
0.6239
0.4404
0.7263
-0.4019
-0.1779
-0.25
0.2023
-0.4019
0.4019
-0.5448
0.2732
-0.6124
-0.3595
0.6597
0.4404
0.6222
0.4588
0.4019
0.3716
-0.34
0.4782
0.4404
-0.5809
0.7783
0.7773
0.4176
0.2075
0.6597
0.3975
-0.296
-0.4588
-0.7783
-0.3182
0.3612
-0.2037
0.686
-0.7366
-0.6696
0.4215
0.296
0.4215
-0.4047
-0.631
-0.3657
0.1043
0.2263
-0.9098
0.6369
0.1124
-0.3612
0.1901
0.6249
-0.3818
0.631
-0.4215
-0.7003
-0.296
0.25
-0.3089
0.743
0.7574
0.4199
0.2714
0.1872
0.2732
0.7157
-0.0258
0.9705
-0.5719
-0.128
0.4215
-0.4019
-0.4019
-0.5423
0.2263
0.7096
0.5574
0.5927
0.4404
-0.0534
-0.714
-0.4939
-0.3818
0.4215
0.6249
-0.2263
0.765
0.4019
0.0772
0.6908
0.0772
-0.2144
0.2382
0.4215
0.6369
-0.5574
-0.4391
0.3506
-0.5423
0.5994
0.4767
0.1877
-0.5574
0.2732
0.4404
-0.5255
-0.4782
-0.43
-0.5574
-0.5615
-0.7579
-0.7351
0.4215
-0.5574
0.5994
0.7613
0.4939
0.6978
0.3182
0.2023
-0.5574
0.34
-0.6249
-0.4215
-0.2263
0.6369
0.4019
0.4404
0.5106
0.4404
0.8834
0.6369
0.128
0.6808
0.4588
-0.5106
-0.6124
0.128
0.4449
0.7783
-0.5574
-0.1027
0.5423
-0.3182
0.1695
0.3612
0.4927
-0.5423
-0.4215
-0.6249
0.7946
-0.6249
0.5106
0.4588
-0.4449
-0.6979
-0.2584
-0.3875
0.34
-0.1955
-0.8316
0.128
0.2993
-0.3378
0.3612
-0.2023
0.0258
-0.6087
0.4215
0.5499
0.4576
0.4215
0.296
0.6115
0.6249
0.1531
-0.7876
0.4404
-0.9079
-0.6124
0.6124
-0.5423
0.4767
-0.4588
0.5267
-0.296
-0.296
-0.6808
0.6249
0.4939
0.2732
0.4404
0.34
0.3419
-0.3875
-0.3527
0.8132
-0.2263
0.4404
-0.7506
0.1027
-0.3182
-0.5994
0.5106
0.4939
-0.6007
0.2732
0.7003
0.5106
-0.5574
-0.4019
-0.2584
0.4019
-0.1695
-0.1688
0.743
-0.3182
0.296
-0.2755
-0.8807
-0.6124
-0.0516
-0.2755
0.3378
-0.168
-0.4678
-0.6239
0.6696
-0.6808
-0.4215
0.2732
0.3818
0.5423
0.2023
0.0258
0.5994
-0.2732
0.4767
0.1531
0.6249
0.743
0.3612
-0.4215
-0.6249
-0.6369
-0.3182
0.5023
0.4019
0.6249
-0.7236
0.4404
0.2006
0.4404
-0.4215
-0.5499
0.4939
-0.9428
0.4588
0.3612
0.5994
-0.4215
-0.5574
0.6124
0.3265
0.0258
-0.5725
-0.1546
-0.5267
-0.6542
-0.8387
0.4404
-0.2584
0.1901
0.4019
-0.7814
0.3818
-0.3182
0.4404
0.4588
0.8519
0.6369
-0.3102
-0.3832
0.7003
0.7096
0.0258
0.4563
0.8319
0.6433
-0.5411
0.1027
-0.2732
-0.5267
0.6757
-0.3626
0.182
0.3612
0.3818
0.2023
-0.5214
-0.3291
0.1531
-0.1901
-0.379
0.4019
-0.7424
0.7506
0.4588
0.3612
-0.0772
0.2023
0.3561
0.765
0.4918
0.4168
-0.6908
-0.4767
0.4767
0.0258
-0.128
0.7814
0.4404
-0.3865
-0.4215
0.4404
0.25
0.6478
0.2732
0.4019
0.34
0.4404
0.2732
0.6369
-0.5719
0.2942
0.5106
0.2481
0.2057
-0.5848
0.7263
-0.7783
0.101
0.2501
0.5859
-0.6808
0.7003
0.4404
-0.25
0.2516
-0.2755
0.0516
0.6124
-0.4939
0.804
-0.4019
0.3182
0.4019
0.3182
-0.2317
0.9366
0.4215
0.0516
-0.8176
0.8126
-0.4215
0.4404
0.3612
0.3612
0.2732
0.4588
0.4404
0.4404
0.4404
0.8516
0.6989
0.7717
-0.3818
0.7845
-0.4019
0.5859
0.2247
-0.6249
0.3818
0.6369
0.7326
-0.1513
0.6761
-0.3818
0.7351
0.5927
-0.5574
-0.796
0.3182
0.4215
0.8689
0.4215
0.0243
-0.6908
0.4215
0.296
0.2023
0.5499
0.4588
-0.8519
0.8201
-0.6124
0.3612
0.4404
-0.25
-0.7096
0.5994
-0.5267
-0.8658
-0.4019
-0.6249
-0.3875
0.25
-0.2732
-0.2732
-0.6956
0.4767
0.5859
0.8744
0.7783
0.2023
0.8777
0.4404
-0.6428
0.4215
-0.6808
-0.4019
-0.6249
-0.5709
-0.5719
0.0772
0.2732
0.4019
-0.25
-0.1725
0.3612
-0.8994
0.4588
-0.3612
0.6553
0.8553
0.7964
-0.5719
0.4939
-0.7906
0.1193
-0.2144
-0.0679
0.264
-0.5574
0.5095
0.5994
0.3197
-0.5423
-0.4767
0.4019
0.4404
0.5106
0.5719
0.5994
-0.1779
-0.5859
0.5719
0.4019
-0.25
0.5574
-0.1032
-0.5499
0.4215
0.9231
0.7711
0.3826
0.34
-0.9332
-0.9517
-0.5216
0.2846
-0.5267
0.6588
-0.6486
-0.5423
-0.5093
-0.5848
-0.6369
0.4404
-0.4767
0.3612
0.5859
-0.4404
0.2023
-0.1027
0.4404
-0.6492
0.1862
-0.2466
0.2023
-0.1548
-0.2263
0.3182
-0.7991
0.4404
-0.8462
-0.5423
0.6369
-0.2846
0.7668
0.5228
0.296
-0.765
-0.7845
0.3637
-0.5106
-0.6597
-0.6369
-0.9517
0.0258
-0.8126
-0.6597
-0.2924
-0.5574
0.4767
-0.3162
0.4939
-0.3612
-0.3612
0.25
0.5267
-0.6369
-0.7269
0.8481
-0.6736
-0.8615
-0.1027
0.6908
0.4939
0.7579
-0.1531
-0.5719
-0.7065
-0.1623
0.2914
-0.5719
0.3612
0.6369
0.8542
0.7003
0.3612
-0.4514
-0.7096
-0.4215
0.5719
-0.7096
-0.1027
-0.3078
0.9382
0.2732
0.2023
-0.0762
0.6808
-0.4939
0.9186
0.6588
0.1301
0.5859
-0.1531
0.0772
-0.5423
-0.4767
-0.4599
0.1695
-0.2584
-0.4767
-0.5423
-0.1154
-0.34
-0.2732
0.5719
-0.1027
-0.743
-0.1531
0.7003
0.128
-0.101
-0.5574
-0.3818
0.4019
-0.34
-0.34
0.3612
-0.4222
0.765
-0.128
-0.4215
0.4215
0.1764
0.1139
0.2924
-0.4939
0.4215
-0.4767
-0.5267
0.6249
-0.4767
0.3612
-0.8442
-0.8381
0.5859
-0.7003
-0.836
-0.0015
-0.1779
0.4215
0.4199
0.0772
-0.1779
-0.5267
-0.7009
-0.4939
0.5574
-0.5423
-0.2516
0.7096
0.5095
0.6249
-0.6908
0.4497
-0.765
0.5991
-0.4767
-0.8316
-0.8271
-0.4222
0.2732
0.8625
-0.2323
0.3182
0.2023
0.4404
0.5423
0.2429
-0.8267
-0.754
0.2023
0.5267
0.3382
0.2732
0.0772
-0.3612
-0.6124
0.6124
-0.8173
0.6249
0.4962
-0.5423
0.3818
-0.6187
0.8591
-0.7853
0.6249
0.5574
-0.0772
-0.8851
-0.2023
0.3612
-0.5707
0.0571
0.2732
-0.5719
0.0258
0.3182
0.6369
0.5106
0.8807
-0.2023
-0.3182
0.5267
0.4019
-0.4118
-0.3182
-0.3182
0.2732
0.4926
-0.128
0.5789
0.8519
0.5859
-0.2263
-0.204
0.3612
-0.1779
-0.8056
-0.4019
0.7391
0.5719
0.1531
-0.34
0.4404
0.624
-0.7845
0.8268
-0.8961
-0.4939
0.431
0.34
-0.4717
-0.5994
-0.5546
0.3612
-0.1901
-0.5106
0.5267
0.4902
0.5423
-0.2023
0.6601
-0.2023
-0.4496
0.7269
-0.25
-0.3804
-0.4654
0.4404
0.0345
0.5667
-0.6369
-0.2755
-0.1154
0.5067
0.4404
-0.0772
-0.3612
-0.5719
0.802
-0.6369
0.128
0.0772
-0.7506
-0.4019
-0.7096
0.6369
0.4576
0.1027
-0.4019
0.5255
0.6696
-0.25
-0.3182
-0.296
0.0258
0.3818
0.2382
-0.5267
0.2732
-0.4404
0.7096
0.8516
0.8653
0.7096
-0.3182
0.677
0.3182
0.7559
0.5994
-0.872
0.4019
-0.7579
0.4215
-0.4939
-0.2732
-0.5719
-0.3182
0.5859
-0.0367
-0.0644
-0.5423
-0.0951
-0.0258
0.5423
0.4215
0.1513
-0.5448
0.25
0.2263
0.4939
-0.2023
-0.7783
-0.4588
-0.4019
0.5267
-0.2144
0.1027
0.6486
-0.1263
-0.6373
0.4404
0.4215
-0.25
0.7876
-0.743
0.0258
-0.4767
0.4166
0.6581
-0.5927
-0.4215
-0.25
-0.25
0.3182
0.09
-0.0572
-0.6249
-0.0735
-0.3412
0.6249
0.4019
-0.7013
-0.3182
-0.3182
0.92
0.4404
0.7684
0.296
0.4215
-0.6642
-0.5859
0.4767
0.4019
0.4215
0.34
0.4404
0.4588
0.4574
-0.5859
0.6077
0.1343
-0.7418
0.5595
0.5994
-0.5106
0.2732
-0.905
-0.3612
0.6908
-0.3612
0.0382
0.5499
-0.4033
0.0772
-0.34
-0.4767
0.9274
0.6249
-0.25
0.8437
-0.5574
-0.2582
-0.2023
-0.5574
0.7269
0.6682
-0.6705
-0.9062
-0.9052
-0.2023
0.5859
0.567
-0.3182
0.1531
0.2441
-0.7243
0.5267
0.6124
-0.5574
-0.4215
-0.4019
0.5423
-0.34
0.4404
0.4404
0.4215
-0.25
0.267
-0.2003
-0.2263
-0.5423
-0.1779
0.9062
0.4201
-0.0572
-0.3612
-0.5451
0.5849
-0.4019
0.6124
0.6908
0.5574
0.743
0.7717
-0.4391
-0.4215
-0.6759
-0.3612
0.5859
-0.8126
0.7602
-0.7906
0.8689
0.3612
0.5719
-0.9201
0.2263
-0.3134
-0.6136
0.1012
-0.6249
-0.875
-0.6908
0.2133
0.4404
-0.8488
-0.6597
-0.296
-0.3612
-0.8591
0.2492
0.3401
-0.7178
-0.5859
0.7269
0.4939
0.3818
-0.5023
-0.6759
0.1655
0.7506
0.5499
-0.6124
-0.8879
-0.5994
0.5267
0.128
-0.4019
-0.4767
0.4767
-0.5233
0.6249
-0.8519
-0.5574
0.0516
-0.743
-0.7942
-0.9777
0.2846
-0.5707
-0.5267
-0.8555
0.8934
-0.5719
0.5859
-0.6808
0.4927
0.872
0.296
-0.3182
0.2732
-0.4525
0.128
0.4019
-0.743
0.7003
-0.6705
-0.7579
0.7906
0.7003
-0.3818
-0.2732
0.0772
0.0772
0.4588
-0.5574
-0.3818
0.7096
0.4939
0.4215
-0.5106
-0.5442
0.7717
0.0772
-0.4215
-0.6996
-0.3612
0.2023
-0.34
-0.3182
0.4877
-0.5106
0.3252
-0.6444
0.7003
-0.765
-0.8519
-0.2732
0.5423
0.8442
0.34
-0.9336
0.7506
0.765
0.8302
0.4588
0.6908
0.7383
0.1695
0.4019
0.5994
0.5199
0.4019
-0.4019
-0.6808
-0.128
-0.3818
0.6808
0.926
0.0258
0.4891
0.4939
0.2263
-0.5423
0.34
-0.3612
-0.2263
-0.6124
-0.3182
0.4404
-0.7227
0.3182
0.4404
-0.2378
0.1027
-0.2023
0.6249
0.3523
-0.1655
-0.4588
0.3927
-0.7463
0.4939
-0.3612
0.431
-0.3875
0.8625
0.5106
0.4404
-0.3182
0.4215
-0.9442
0.2716
0.903
0.2725
-0.4939
0.0258
-0.743
-0.0364
-0.4588
-0.2472
-0.0516
-0.6652
-0.3527
-0.5423
-0.0864
0.34
0.5423
-0.6249
-0.4497
-0.0258
-0.5574
0.4939
-0.8176
-0.296
-0.5106
0.7351
0.4404
0.1779
0.4019
0.607
0.2023
0.6808
-0.4215
0.5994
0.2263
-0.0575
-0.3612
0.4215
-0.5423
0.128
0.3612
-0.1109
0.9298
0.0693
0.4767
-0.5423
0.34
-0.6597
-0.6239
-0.2244
0.6858
-0.0191
-0.3612
0.296
0.6808
0.1027
0.4019
0.4767
0.7867
0.5267
-0.2023
-0.296
0.4215
-0.34
-0.4767
-0.6249
-0.5574
-0.2023
-0.7906
0.0772
0.8467
0.8225
0.6124
0.6908
-0.4404
0.4201
0.8355
0.3804
0.3612
-0.9078
-0.3089
-0.5859
-0.9175
0.34
-0.8519
-0.6705
0.3535
-0.3919
-0.0772
0.4449
-0.7783
-0.7096
-0.5574
-0.0772
-0.4588
0.8225
-0.296
0.6124
-0.2023
0.5023
0.8421
-0.1779
0.6124
-0.3875
0.4019
-0.4404
-0.0044
-0.6249
-0.742
-0.2023
0.5423
-0.4404
-0.4404
0.1027
-0.5859
-0.8802
0.1779
-0.7391
0.2023
0.7717
-0.7269
-0.296
0.6597
-0.6597
-0.4588
-0.8453
-0.8402
0.4215
0.296
-0.4215
0.5267
0.4404
0.3612
-0.1779
0.5563
0.6048
0.296
-0.3089
-0.0258
-0.4939
0.3612
0.7096
0.4939
-0.1027
0.2721
-0.3612
0.25
0.4449
0.7096
-0.296
-0.0516
-0.4767
0.7096
0.2023
0.3919
0.4019
0.8012
-0.4867
0.4504
0.8301
-0.1027
-0.4015
0.5994
-0.5267
-0.4588
0.5267
-0.25
-0.7269
0.296
-0.3182
0.3818
0.5023
-0.296
-0.3818
-0.1901
0.2263
0.7574
0.7269
-0.1441
0.4019
-0.5106
0.7964
0.1531
0.765
-0.3875
-0.0772
0.5859
0.8656
0.7269
0.6486
0.25
0.4939
-0.5423
0.6249
0.2732
-0.6597
-0.6597
0.7269
-0.0191
0.4215
-0.8519
0.2732
0.3612
0.3612
-0.5106
-0.8223
0.3612
0.34
-0.4646
0.34
0.34
0.8291
-0.2542
0.1027
0.2263
-0.6907
-0.5428
0.4019
-0.743
-0.25
0.6124
0.4019
0.5859
-0.8442
-0.3595
0.5267
-0.0772
0.2732
-0.0772
0.6486
-0.3818
-0.802
-0.4215
-0.6249
0.4939
0.4019
0.8898
0.0828
-0.2732
0.3899
-0.2263
-0.6597
-0.8934
-0.5517
0.3182
-0.5267
0.2263
0.296
0.6508
-0.2023
-0.8573
-0.1027
0.4724
-0.3182
-0.7684
-0.9398
-0.7088
0.7184
-0.1406
-0.5574
0.8885
0.6705
-0.8074
0.296
0.4417
-0.4767
-0.2263
0.3182
0.4019
0.4215
0.3687
0.4215
0.6369
0.5859
0.4019
0.4939
0.4404
0.0598
0.5267
0.4404
-0.0762
-0.34
0.7845
-0.5267
-0.3875
-0.6908
-0.5597
0.5753
0.8442
0.3612
0.5574
0.3818
-0.5859
-0.6696
-0.1027
-0.25
-0.4767
0.6832
-0.4767
0.0644
-0.5423
0.6124
-0.4019
-0.4767
0.6023
0.7264
-0.6249
-0.3875
0.25
0.3612
-0.5423
-0.5719
-0.8625
-0.4215
0.4404
-0.7922
-0.5256
-0.7845
-0.3182
-0.8225
-0.0772
0.4939
0.5994
-0.2263
0.8885
0.7783
0.4588
0.0772
-0.296
-0.4588
-0.5106
-0.296
0.6832
0.431
-0.6124
-0.296
-0.128
0.4404
0.5023
0.4404
-0.5574
0.5106
-0.4404
0.6908
-0.3182
0.6623
0.4939
-0.7096
0.3412
0.1139
-0.5719
-0.8126
-0.1999
-0.9136
0.3182
-0.636
-0.4983
-0.2911
0.4404
-0.1531
0.4019
0.7906
0.7259
-0.296
0.6908
-0.3612
0.5574
0.4404
-0.4939
0.3612
-0.5574
0.9325
-0.0258
0.5095
-0.5994
-0.6031
-0.1847
-0.4939
0.3182
0.4939
-0.3182
0.5574
0.5842
0.7269
0.6486
-0.743
0.4576
0.0258
0.3832
0.6486
0.4404
0.4019
0.1779
-0.6124
0.4927
0.2732
-0.5423
-0.3612
0.8316
0.296
0.4215
-0.4215
0.5859
0.2732
0.4215
0.7845
0.6249
-0.0191
0.5233
0.6124
-0.7564
-0.7506
-0.5267
-0.3182
0.7906
-0.8658
0.4404
-0.7269
0.7469
-0.34
0.5859
-0.6486
0.0258
0.6764
0.3612
-0.5994
0.5709
0.5574
-0.4767
-0.7269
0.5023
0.1139
-0.3612
-0.5423
0.6369
-0.765
0.2023
-0.6705
-0.7003
0.5719
0.0772
-0.5574
-0.4767
-0.631
-0.3818
-0.4215
-0.6725
-0.2982
-0.3781
0.2732
0.8168
0.5859
0.2732
-0.6124
0.357
0.624
-0.5088
0.6369
-0.4767
0.3182
-0.5423
-0.4215
-0.5346
-0.1511
-0.5709
-0.2755
-0.5267
-0.7172
-0.9684
-0.25
-0.3818
-0.296
0.3802
0.6696
0.1761
0.25
-0.5267
-0.446
0.6369
0.4215
0.4019
0.4939
-0.7184
-0.0772
-0.5267
-0.3182
-0.5719
0.5106
0.3612
0.6486
0.4215
0.7506
0.8689
0.3182
0.1477
0.5009
0.128
-0.5719
-0.4767
-0.296
0.5849
-0.3818
-0.0387
-0.4767
0.5859
0.1511
0.3182
0.5037
0.5719
-0.5859
0.5954
-0.2924
0.3818
0.4767
-0.4019
0.3182
-0.5321
-0.4588
-0.5574
-0.5859
0.3612
-0.0258
0.128
-0.25
0.1779
-0.296
0.2441
-0.5106
-0.5553
-0.5318
-0.3687
-0.2263
-0.5423
0.4767
0.3612
0.296
0.3612
-0.25
-0.3182
0.533
-0.6908
-0.2263
-0.7003
-0.5423
0.3182
0.34
0.3612
-0.34
0.5994
0.4404
0.296
-0.2732
0.8519
0.2924
0.6896
-0.1832
0.4215
0.2023
0.8493
-0.3182
0.5719
0.6249
-0.2755
-0.3818
0.3612
0.6369
0.7964
-0.2023
-0.2023
0.1779
-0.4404
0.4663
0.296
-0.3818
0.5994
-0.1779
-0.34
-0.1027
0.5719
-0.3182
0.7345
0.0423
0.6808
0.5023
-0.6943
0.4019
0.3612
0.0258
0.7778
0.7096
0.1027
-0.34
-0.2732
0.3612
-0.6159
0.4939
-0.2842
-0.5574
0.5334
0.0516
0.1027
-0.2425
-0.0754
0.5267
-0.2732
-0.7783
0.1901
-0.7096
0.7506
0.8225
-0.743
-0.0258
-0.6369
0.4767
-0.8608
-0.6249
0.0258
-0.5563
-0.4939
-0.5859
-0.5499
0.3595
0.3818
-0.296
0.4019
-0.6682
-0.4404
-0.3182
-0.25
-0.2732
0.4404
-0.3818
-0.6486
0.3612
0.5859
-0.5829
-0.0258
-0.2755
-0.1779
-0.743
0.5559
-0.7184
0.4845
-0.4926
-0.4767
0.3612
0.3612
0.4404
0.3438
-0.1326
0.0258
-0.0516
0.802
-0.4767
0.4215
0.2023
-0.296
0.5927
0.6249
-0.2732
-0.5267
0.6369
0.5994
-0.4588
-0.0772
0.3649
0.3415
0.3182
-0.25
0.3182
0.4019
0.2732
0.4939
0.7783
-0.4404
0.4939
0.7783
-0.34
-0.1531
-0.8176
-0.9401
0.4497
-0.4588
0.3818
0.7506
0.4939
0.5267
0.3252
0.3252
0.4767
-0.1779
-0.2732
-0.3612
-0.8797
-0.4152
0.765
0.4019
0.0382
0.296
0.4588
0.0516
-0.169
0.0258
0.9214
0.6486
-0.4767
-0.4019
0.3182
-0.3818
-0.5493
-0.0191
0.5761
-0.2755
0.34
0.4404
-0.7963
-0.1531
0.0772
0.5913
-0.2484
-0.4779
-0.2023
0.6369
-0.0772
-0.5423
-0.2263
-0.5984
-0.34
-0.1406
0.4767
0.2263
-0.5574
0.2263
-0.8074
-0.296
0.4201
0.0067
0.7184
0.1965
-0.1779
-0.9159
0.3612
0.3626
0.3818
0.5551
-0.2732
0.8399
0.4576
-0.1531
0.6191
0.5267
0.5511
-0.1779
-0.685
-0.0772
0.5379
-0.1531
0.4877
0.3612
-0.1245
-0.3182
0.2732
0.3612
-0.6124
0.5106
0.34
0.5574
0.6808
0.6705
-0.6652
-0.2023
-0.4019
0.802
0.802
-0.228
-0.5152
0.0772
-0.6369
-0.3071
-0.4019
-0.6715
0.34
0.2716
0.2263
-0.4019
-0.4019
0.2732
0.4939
-0.4215
0.5416
0.7184
0.0516
-0.4767
-0.2023
0.5994
-0.3818
-0.4767
-0.3818
-0.4588
0.7144
0.296
0.3612
0.2023
0.3182
0.7087
0.3252
0.5267
0.5859
0.4019
0.6369
-0.4257
0.3612
0.5413
-0.5849
0.2382
0.4939
0.7964
0.3919
-0.3818
-0.4767
-0.5256
-0.1868
-0.7009
-0.6124
0.296
-0.8807
0.2115
0.4019
-0.2411
0.5927
-0.2498
0.6259
-0.3506
0.5423
0.8591
-0.7104
0.7845
-0.4215
0.3818
-0.296
-0.7645
-0.743
0.6858
-0.296
-0.9216
-0.3919
0.1779
0.3182
0.0387
-0.4019
0.6249
-0.6705
-0.0772
-0.1027
0.1477
0.4019
0.4019
0.3612
0.6297
-0.128
-0.8356
0.3182
-0.4215
0.4576
0.0772
-0.296
0.431
-0.3182
-0.3182
0.5667
-0.6124
0.0516
-0.3875
0.4717
-0.3182
0.4215
-0.7269
0.7579
0.6705
0.8885
-0.8176
0.4854
-0.296
-0.1027
-0.7783
-0.9118
0.1124
0.7425
0.0498
0.4404
-0.3182
-0.4019
0.7351
0.3331
-0.7543
0.2732
-0.8689
-0.1779
-0.5574
0.0186
-0.1027
0.0613
-0.4404
-0.7579
0.7564
0.4939
-0.8176
0.296
0.0762
-0.7579
0.7351
-0.4767
0.8555
0.7943
0.431
-0.5848
-0.2732
-0.8917
0.4019
-0.2732
-0.6124
-0.6435
0.4404
-0.5423
0.4926
-0.1531
-0.7514
-0.2732
-0.0191
-0.6167
-0.1531
-0.2263
-0.0772
0.3182
0.6124
0.5574
-0.5701
-0.4767
-0.34
-0.5994
-0.1505
0.2411
0.3612
0.3895
0.2023
-0.7003
-0.2716
-0.4215
-0.5574
0.5719
-0.4939
0.4926
-0.8845
0.2263
-0.4019
0.34
0.5799
-0.7783
-0.7506
-0.9382
0.6093
0.2732
0.4767
0.4404
-0.3291
0.4939
0.6542
-0.7359
0.3612
-0.2617
-0.314
0.0772
-0.5719
-0.6249
-0.25
0.3182
0.8442
0.4019
0.4404
-0.5162
-0.8271
-0.2732
-0.4939
0.1531
0.6249
-0.5267
-0.5719
-0.34
-0.3612
0.4404
-0.2579
0.4404
0.4404
-0.4404
0.6705
-0.3612
0.7269
-0.6866
-0.5267
-0.2732
0.5106
0.34
-0.2732
-0.4404
-0.6705
0.7845
-0.0772
0.2732
0.3818
0.5709
0.2732
-0.5106
-0.7717
-0.9186
0.6832
-0.3716
-0.3506
0.4153
0.4767
0.6124
0.6249
-0.765
0.6705
-0.1725
0.5106
0.7906
0.1655
-0.5563
-0.3818
0.5267
-0.4413
-0.5994
0.7096
-0.296
-0.7964
0.7269
0.5106
0.0772
0.7964
-0.1027
-0.6249
-0.8176
-0.0588
-0.4003
-0.3818
-0.5267
-0.8896
-0.7184
0.5859
-0.2732
0.6249
-0.4927
-0.4767
0.0258
0.3612
-0.0516
-0.296
-0.6705
-0.4939
-0.1531
0.0387
0.5267
-0.3818
-0.5829
-0.7057
-0.1027
-0.2263
-0.25
-0.34
0.6369
0.6181
0.4588
0.4215
-0.4728
-0.2204
0.4939
0.4939
0.6249
0.296
-0.6597
-0.7803
-0.4019
-0.8934
-0.9272
-0.8779
0.4019
-0.6486
0.4404
0.4356
0.0772
-0.1027
0.4215
0.6705
0.3612
0.4767
0.25
0.4404
0.4404
0.3612
0.4404
0.4926
0.9515
-0.5775
-0.4019
0.5574
0.4215
0.7241
0.4215
0.3818
-0.4939
-0.7845
-0.5283
0.3117
-0.6808
-0.5574
-0.5719
0.2263
0.357
0.4767
0.276
0.4404
0.3182
-0.1027
-0.0516
0.1521
0.4215
0.3071
0.4019
-0.2755
0.3612
0.2263
-0.3182
0.2263
0.2869
0.1761
0.9001
-0.1759
0.1027
0.128
-0.8074
0.4588
0.0243
-0.9001
-0.5848
-0.8074
0.6844
0.5859
-0.0258
0.296
-0.4173
0.5106
0.6705
-0.6597
0.2411
-0.3818
-0.4019
0.7269
0.7572
0.2023
0.8316
0.6486
-0.2263
-0.2617
-0.6369
0.0772
0.1531
0.2732
-0.25
0.3597
-0.2091
0.6239
-0.7964
0.1779
-0.6705
0.2023
0.2263
0.93
-0.8934
0.4767
0.5106
-0.6249
-0.0191
0.6369
0.0772
0.3182
-0.2263
-0.6757
-0.4767
0.7351
0.765
-0.34
-0.5719
-0.4019
-0.0772
0.5267
0.0258
-0.5849
0.3818
0.5267
-0.4767
0.25
-0.5423
0.4404
-0.5423
-0.2057
-0.296
0.3612
-0.3182
-0.5719
-0.1027
0.4404
0.1406
0.4877
-0.5574
0.1531
0.7452
0.5719
0.4939
0.3182
-0.0857
0.0258
0.4588
0.3612
-0.7783
0.0516
0.1531
0.5106
-0.3612
-0.077
-0.2732
-0.4215
0.3182
-0.5702
-0.5574
-0.2263
0.3182
-0.5709
0.4404
0.3182
0.7579
0.4404
-0.0972
-0.8422
0.0772
0.5106
0.6597
0.2385
0.6259
-0.3506
0.3724
0.4576
0.5829
-0.2732
-0.5423
-0.296
-0.3612
-0.6486
0.4019
0.0772
0.3612
-0.4939
0.4019
0.4939
0.1531
0.1531
0.5984
0.6458
0.6705
-0.1603
0.4215
-0.3612
-0.8798
-0.1281
-0.4228
-0.296
-0.7705
-0.296
0.69
-0.2003
0.0772
-0.296
0.5719
0.2743
-0.0772
-0.1531
0.2732
-0.1779
-0.3182
0.4391
0.6394
0.7351
0.8316
0.5423
0.5095
-0.6124
-0.296
0.4588
0.6597
-0.4767
-0.3612
-0.5267
0.4404
0.1139
-0.684
-0.357
-0.8852
-0.4019
-0.6697
-0.659
-0.101
0.3182
-0.7351
0.2023
-0.7003
-0.9213
0.4215
0.2263
0.7906
0.5267
-0.6705
0.1779
-0.1531
0.7658
-0.0516
0.3182
0.128
-0.5256
-0.2023
0.4588
-0.6808
0.3321
0.4576
-0.3182
-0.4019
-0.34
0.1935
0.506
-0.296
0.6124
-0.8201
0.4939
0.8573
0.2732
0.6908
-0.7096
-0.3182
0.128
0.4019
-0.5574
0.6566
0.4019
-0.1531
0.3612
-0.4257
-0.4033
0.395
-0.0772
-0.5927
-0.5927
0.4019
0.3182
0.5255
-0.2732
0.1154
-0.3612
0.2732
-0.5106
0.0258
-0.7003
0.2023
0.2732
0.5423
0.6705
0.9042
0.8742
0.6124
-0.7138
-0.6031
0.4497
0.3387
-0.2263
0.2023
0.7184
0.25
-0.296
0.3818
0.4173
-0.6249
0.2732
-0.6908
0.5187
0.0258
0.2023
-0.6124
-0.5719
-0.3182
-0.7511
0.5994
-0.1779
0.4576
0.0772
0.296
-0.4767
0.4404
0.8151
-0.0258
0.3716
-0.7845
-0.7003
-0.6597
-0.4588
-0.9596
0.7003
0.3612
-0.6369
0.0772
-0.5106
-0.8225
0.4588
-0.6908
-0.5574
-0.4215
-0.5106
0.4019
0.4404
0.4019
0.2263
-0.6326
-0.8481
0.0772
-0.5132
-0.7906
0.296
0.5106
0.5106
0.1027
-0.6908
0.4404
-0.1027
-0.2732
-0.25
-0.1648
0.3612
0.6476
-0.596
0.3612
-0.3489
0.3089
-0.5106
0.4404
0.3612
0.3612
-0.6808
0.1027
0.3182
0.4019
0.25
-0.1531
-0.4927
-0.34
-0.7579
0.7041
0.8555
0.7269
0.0258
-0.2755
0.5719
0.3612
0.636
-0.5423
0.4939
0.1531
-0.4404
0.9602
-0.5423
-0.6835
-0.3557
-0.1796
0.8481
0.3612
0.765
0.8316
0.6486
0.4404
0.8225
-0.1027
-0.7003
0.2819
-0.2263
-0.2617
0.4404
-0.4767
-0.7096
0.7783
0.296
0.5574
-0.7964
0.4215
0.6956
-0.2263
-0.2617
-0.6369
0.0772
0.1531
0.2732
-0.25
-0.296
0.0772
-0.6124
0.2542
-0.0129
0.5106
-0.6808
-0.4939
0.2263
-0.1779
0.5106
0.1298
0.3182
-0.8102
0.631
0.6447
0.598
-0.4019
-0.0854
-0.8271
0.4404
0.6808
0.6369
-0.1531
-0.4019
0.0516
0.3818
0.8889
0.6705
0.2023
0.8316
0.6486
0.5574
0.743
-0.5046
0.4391
-0.25
0.4404
0.2584
0.2263
0.2732
-0.296
-0.0258
0.3612
-0.1531
-0.8176
-0.4341
-0.765
0.7296
-0.7239
-0.1779
-0.2737
-0.6597
-0.7115
0.4939
-0.1742
0.8155
0.0772
-0.296
-0.7351
0.4939
0.3612
-0.4939
0.1531
-0.4939
-0.4019
0.3612
0.5563
-0.0516
-0.6597
0.1877
0.4019
0.3612
0.4215
0.3612
0.5046
0.296
0.8176
0.6696
0.0772
-0.6124
0.4404
0.2732
0.3182
-0.5106
-0.3089
-0.25
0.5267
0.7269
-0.296
-0.4767
-0.6369
0.1531
0.0516
0.1027
0.25
0.4588
0.296
0.2896
-0.3134
0.3804
-0.1174
0.1027
-0.25
-0.1027
0.7059
0.6369
-0.7096
-0.6705
0.3134
0.4576
-0.5423
-0.4404
0.3612
-0.7322
0.5118
0.8047
0.0516
-0.0572
-0.4817
-0.4364
0.4939
-0.4767
-0.5574
0.3336
-0.1419
0.802
0.2732
-0.296
0.5574
-0.0572
0.3612
-0.3412
0.4404
-0.8362
-0.2584
-0.6249
-0.5719
-0.6705
-0.6808
0.2415
0.6908
-0.3182
0.2846
-0.3182
-0.6124
-0.7475
-0.1793
-0.675
0.4215
-0.2732
-0.1864
-0.7184
-0.0572
0.1027
-0.1281
-0.5542
0.1124
0.4404
-0.3182
-0.4019
-0.8519
0.7003
-0.1139
-0.6478
0.8674
0.4927
-0.7184
-0.296
0.5423
0.6249
-0.1909
-0.7096
-0.8957
0.4404
-0.5859
0.8402
-0.34
-0.4767
0.3612
-0.296
0.0498
-0.7579
-0.4767
0.6808
0.3612
0.128
-0.6486
-0.5267
0.5574
0.6956
-0.5859
-0.3182
-0.5423
0.2263
-0.7717
-0.25
-0.798
0.2584
-0.0572
0.0772
0.4168
0.383
-0.4588
0.5984
0.9542
-0.4019
0.7351
0.2263
0.3612
0.4767
0.4215
-0.6597
0.3561
0.8074
0.0772
-0.5574
0.3612
0.3182
0.7096
0.4767
0.9186
0.764
0.9091
0.8934
0.34
0.2846
-0.612
-0.1714
0.8176
-0.8515
0.7964
0.4767
-0.2584
-0.7177
0.6652
-0.8519
-0.4588
-0.7181
0.0445
0.3182
0.7089
-0.128
0.25
-0.4939
-0.296
-0.5267
0.0772
-0.2732
-0.296
0.765
-0.8936
-0.6908
-0.1027
-0.2023
-0.3182
-0.5106
0.1007
0.3612
0.5423
-0.6901
0.743
-0.0784
0.8074
0.3612
-0.34
-0.197
0.4019
-0.4019
-0.6843
-0.0258
0.5023
0.8338
-0.3559
0.6124
0.2023
0.0772
0.0516
0.3612
-0.6249
-0.4404
-0.7906
0.1027
-0.5423
0.6249
-0.3182
-0.5719
0.5719
0.4215
0.7096
-0.296
0.4215
-0.25
-0.6705
-0.4019
0.6597
-0.6705
0.4201
-0.5823
-0.1779
-0.0516
0.3612
0.4019
0.0387
0.7096
-0.7236
-0.7269
-0.5365
0.3612
0.6249
-0.3071
-0.6902
0.1779
-0.8519
-0.6124
0.5859
0.101
0.4019
0.25
0.34
-0.25
0.2263
-0.2023
-0.4767
0.4215
-0.25
0.296
-0.5267
0.4753
0.0258
0.4926
0.864
-0.296
0.1027
-0.5574
0.7003
0.3089
-0.5106
0.5859
0.2755
0.2023
-0.6756
0.4576
-0.5719
0.6747
-0.4019
0.6369
0.5267
0.6705
-0.8934
-0.3612
0.2263
0.6808
0.296
0.1531
-0.5423
-0.7845
-0.3612
0.2732
0.3182
-0.6143
-0.3802
-0.3892
0.4939
0.8793
-0.2957
0.5413
-0.4215
0.765
-0.2975
0.4404
0.6124
0.3382
-0.25
-0.6249
-0.8316
-0.6249
-0.9165
-0.6652
-0.8797
-0.25
-0.5873
0.1027
0.4215
-0.296
-0.5106
0.1124
0.3612
0.5994
-0.128
0.4404
0.3848
-0.3612
0.296
-0.4939
-0.4023
0.5574
0.5719
-0.2263
0.3612
0.1615
0.34
0.3182
0.875
-0.2498
-0.3875
0.2023
-0.7944
-0.9246
0.6597
-0.6259
0.7096
-0.2144
0.4019
0.5106
0.0387
-0.7149
-0.34
0.2732
0.6249
-0.5908
-0.2732
0.4567
0.4939
0.0258
0.6369
0.4939
0.09
0.0931
-0.0772
-0.4404
-0.6114
-0.7096
0.743
0.0352
0.1531
0.6369
0.8087
0.899
-0.7351
-0.2584
0.7351
0.1027
0.1531
-0.6369
0.8705
-0.5334
0.1406
0.1531
0.5023
-0.2893
0.2732
-0.3182
0.5423
0.7351
0.4215
0.4215
-0.34
0.431
-0.1263
0.4404
0.2846
0.8934
0.5556
0.4019
-0.4871
0.7351
-0.4939
-0.5574
0.7096
0.3612
0.5859
-0.7177
-0.7282
-0.0951
-0.1027
0.4588
0.4138
-0.5499
-0.2649
-0.1779
-0.34
-0.357
-0.5423
-0.5719
-0.6597
-0.4215
0.4588
0.4019
0.3291
-0.7506
-0.4391
0.2732
0.2732
-0.7236
-0.7269
-0.25
-0.25
-0.2732
0.6542
0.6486
0.2023
0.8316
0.6486
-0.6369
-0.9349
-0.234
0.3612
0.8225
-0.6249
0.6281
0.0772
0.3089
0.2263
-0.631
-0.4215
0.2732
0.3164
0.0258
0.4939
-0.0258
0.1655
0.296
0.5267
-0.1531
-0.0258
-0.1734
0.4019
0.1141
-0.5423
-0.6249
-0.0516
-0.296
-0.4023
0.3182
0.7184
-0.1779
0.3716
0.1027
0.128
-0.5423
0.4939
-0.2617
0.0772
0.0772
-0.4588
0.25
0.5994
0.3612
0.2023
0.6369
-0.8307
0.296
-0.2057
-0.4023
-0.25
-0.5873
0.3089
0.4404
-0.4215
0.34
-0.5859
-0.5106
-0.8797
0.8746
0.128
0.0762
0.5187
0.2023
-0.6705
-0.4404
0.3612
-0.4019
0.3818
0.4404
-0.4767
0.5423
-0.7925
0.4939
-0.3875
0.4939
0.4588
0.2263
0.2263
-0.5574
-0.25
-0.3612
-0.5719
-0.0191
-0.7783
0.34
0.3612
0.3612
0.0772
0.4404
0.34
-0.296
0.743
-0.4215
0.4574
0.4019
-0.1779
-0.25
0.1761
-0.6249
-0.4588
0.296
-0.5945
0.296
-0.2263
0.34
-0.4019
-0.6124
-0.4767
-0.0854
0.784
-0.296
-0.2323
0.9217
0.1901
0.4588
-0.5719
-0.7717
-0.024
-0.6808
-0.25
-0.3818
0.3818
-0.4019
0.3612
0.7387
0.4939
0.4404
-0.1695
0.474
0.6124
0.2732
-0.3875
0.3566
-0.296
0.2732
0.8734
0.2263
-0.0512
0.2263
-0.43
-0.2263
-0.0516
0.1027
0.5187
0.5106
-0.4215
0.34
-0.2263
0.8216
-0.6249
0.5106
0.6369
-0.2023
0.2411
-0.3818
-0.4215
0.6808
0.7263
0.2263
0.7579
0.7311
0.7096
0.3724
-0.3595
-0.7717
0.8555
-0.4767
-0.2978
0.296
-0.4118
0.8402
-0.6124
-0.2187
-0.8176
0.4404
-0.6361
-0.3321
0.9503
0.7783
-0.3968
-0.2411
0.0258
0.0772
-0.296
-0.2411
0.5719
0.2732
0.4019
0.3612
0.6369
0.4144
-0.8176
-0.6597
0.6722
-0.0181
0.3818
-0.9118
0.0772
0.5106
0.4588
0.8176
-0.6597
-0.3818
-0.2263
0.4939
-0.3818
0.2023
-0.3818
0.3612
0.8216
0.8173
-0.4939
-0.3071
0.2492
0.7047
-0.3818
-0.2183
-0.0258
-0.9302
-0.4118
0.8402
-0.1759
-0.5106
-0.1779
0.2382
-0.1779
-0.1779
-0.6808
-0.9081
-0.2187
-0.8176
-0.6808
-0.4939
0.552
-0.9287
-0.3182
0.4404
-0.6361
-0.3321
0.1655
-0.5588
0.6696
0.6696
0.25
-0.3182
-0.749
-0.9081
0.4588
-0.6597
-0.3818
0.5859
0.3612
-0.5994
0.7351
-0.5423
0.2263

2018-09-07 20:06:21
T0.25
-0.7003
-0.5859
-0.4215
0.3612
-0.0772
-0.7351
0.1655
0.2023
-0.2023
0.34
-0.3182
-0.0281
0.6486
0.4215
0.34
0.431
-0.4019
-0.2023
0.2344
0.6869
0.4019
0.6369
0.6808
-0.128
0.2911
-0.4588
0.7096
0.4019
0.836
-0.2023
-0.3774
0.3612
0.2263
0.5574
0.6258
0.269
-0.3182
0.4939
0.4019
-0.321
0.8402
-0.4588
0.6369
0.7269
0.1901
-0.1027
0.8979
0.5106
0.2263
0.7506
0.128
-0.3818
-0.4019
-0.4767
-0.4549
-0.6908
0.3612
0.5106
0.69
0.6908
0.6689
0.3818
-0.4767
-0.2023
-0.3182
-0.3182
0.3595
0.7717
-0.6597
0.0772
-0.6124
0.1531
-0.4019
0.1027
-0.25
0.7845
0.5106
0.0772
0.1481
-0.3182
0.2732
0.5824
-0.2023
0.5994
-0.3875
0.5859
-0.4215
0.5707
-0.9547
0.2263
0.2263
0.2263
0.128
-0.7096
0.3612
0.5994
0.5859
0.4854
0.4767
0.7003
0.7436
0.4939
-0.5719
0.5204
0.5994
0.296
-0.383
0.636
-0.2584
-0.7717
-0.7216
0.4215
-0.3094
0.1724
0.0772
-0.5423
-0.0258
0.4404
0.5719
0.3818
0.0772
0.3182
0.2263
0.8922
0.296
0.2617
-0.2732
0.7868
0.6249
0.7003
0.1655
-0.4576
-0.5883
0.5859
0.34
-0.4927
-0.7003
0.4019
0.5267
0.2023
-0.6486
-0.2263
-0.1027
0.3612
-0.296
0.7003
0.2263
0.2023
-0.2846
0.3612
0.6697
0.6705
0.5106
0.3384
0.7778
0.4497
0.7845
-0.5423
-0.1419
-0.5423
0.9497
-0.6087
0.0258
-0.1655
0.4215
-0.6113
0.2023
0.4404
0.4389
0.6705
-0.296
-0.3016
0.34
0.4932
-0.6249
-0.1027
0.5093
0.34
-0.3818
-0.5423
-0.2732
0.5697
0.3182
0.4404
-0.2263
0.6369
0.3612
-0.25
-0.4215
0.5859
-0.3182
-0.5574
0.3612
0.2023
0.0772
-0.2732
0.2732
0.7579
0.3182
0.3182
0.2057
0.5994
0.4404
0.5927
-0.3089
-0.1027
-0.5574
-0.5574
-0.6412
-0.1585
0.5916
-0.4815
-0.0754
-0.6808
-0.5267
0.0103
-0.2755
0.2732
-0.0772
0.34
-0.1027
0.5106
0.4939
0.4939
0.4215
-0.0534
0.743
0.3182
0.4404
0.4173
0.3612
0.4173
0.0772
0.5574
-0.5994
0.1531
-0.5267
0.6124
-0.4767
-0.5994
0.6597
0.3612
0.3612
-0.1045
-0.3875
-0.5574
0.7906
0.4588
0.4939
0.5719
-0.0772
0.3612
-0.5106
0.25
0.6249
0.8979
0.6124
0.6705
-0.5106
0.6597
0.3626
0.1531
0.5994
0.6597
-0.0498
0.5574
-0.9661
0.5106
0.3353
-0.25
-0.9818
-0.5106
-0.631
-0.4962
0.4927
-0.1027
0.5984
-0.296
0.7579
-0.1232
0.6249
-0.4019
-0.5478
-0.7687
-0.5022
0.4019
-0.3182
0.8074
-0.25
0.2263
-0.1386
0.128
-0.1531
-0.5122
-0.3976
0.4939
-0.4767
0.7351
-0.4748
0.2411
0.4874
-0.8126
-0.2023
0.6486
-0.3182
-0.5574
-0.6486
-0.5574
-0.3089
-0.3818
-0.1027
0.4215
-0.2648
0.7178
0.5267
0.1901
0.6486
0.3612
0.1779
-0.3291
-0.4767
-0.2755
-0.2812
0.6369
0.4497
0.7964
0.657
0.4588
0.2263
-0.5423
0.3252
-0.4754
0.2263
-0.34
0.9382
0.6369
0.1779
0.6369
-0.6712
-0.6124
-0.4019
0.8074
-0.5106
0.5574
0.6258
-0.3875
0.5859
0.0772
0.128
0.4588
0.0433
-0.2298
0.5777
-0.0772
-0.1511
0.0772
0.7579
-0.6597
0.0762
-0.1027
-0.5423
0.3612
0.0258
-0.4404
0.5106
-0.2235
-0.4215
-0.4019
0.34
-0.6901
0.5709
-0.0258
-0.5574
0.2975
0.2023
0.5423
-0.6734
0.4767
-0.0857
0.4019
0.5574
0.5719
-0.34
-0.7426
-0.4939
-0.296
-0.5423
-0.5994
0.6697
-0.296
-0.6478
0.4215
0.5657
-0.5423
-0.2732
0.3612
0.4019
-0.7096
0.0258
-0.743
0.2732
0.91
0.5773
0.2732
-0.6124
-0.3412
-0.3612
0.0772
-0.1531
-0.033
-0.3182
-0.5719
0.25
0.296
0.2023
0.3612
-0.0772
0.4939
-0.0191
0.3182
0.3382
0.2732
0.5106
0.63
0.5106
0.4404
0.4404
0.34
0.5106
0.7425
0.2023
0.3182
0.1779
0.4404
0.5106
0.7269
-0.2732
-0.296
0.5859
0.7885
-0.5423
0.3612
0.6249
0.1531
0.3612
0.2732
0.5106
-0.5267
-0.7777
0.2263
0.4939
0.2263
0.296
0.2732
0.4019
0.296
-0.577
-0.5994
0.8176
0.4404
-0.5994
0.5562
-0.5719
0.5499
0.4404
-0.6369
0.7184
0.5256
0.5413
0.2732
0.1027
0.3597
0.6808
-0.128
-0.3818
0.296
-0.7096
0.3612
0.0258
-0.6249
-0.34
0.1949
0.2023
0.6908
0.2732
-0.1531
0.25
0.5267
0.4201
-0.296
-0.3182
0.4588
0.4404
-0.3419
-0.1695
-0.34
0.6249
-0.6249
0.5499
0.3291
0.1531
-0.2912
0.1779
0.4939
0.5574
-0.033
-0.6486
-0.296
0.7845
-0.4767
-0.8225
-0.7425
-0.296
-0.296
0.7179
0.2975
-0.9599
-0.0772
0.7476
-0.5423
-0.5423
0.7299
-0.34
0.5994
-0.25
-0.4404
-0.0191
-0.25
-0.0516
0.6858
-0.4753
-0.6239
-0.4926
0.3612
-0.4767
0.296
-0.5823
0.6124
0.431
0.4215
0.8172
-0.6808
-0.5994
0.3818
0.2023
-0.0516
-0.1531
0.4215
0.296
-0.3612
-0.2466
0.3182
0.1531
0.5106
0.4404
0.296
0.4926
0.6696
-0.4215
0.6369
0.4404
0.5719
-0.8271
-0.0516
0.0609
-0.5574
0.6652
-0.2249
-0.5423
0.3182
-0.5023
-0.4767
-0.0258
-0.3716
-0.5499
0.2263
0.0516
0.1273
-0.5574
-0.5927
0.4708
0.4601
0.5994
0.796
-0.3491
-0.6597
-0.25
0.5994
0.4404
-0.6369
-0.6597
-0.4767
-0.3875
-0.3875
0.6705
-0.7506
-0.1027
-0.1531
-0.2382
0.4404
0.2006
0.5267
-0.0258
0.4404
-0.7783
-0.743
0.5859
0.0772
-0.4336
0.743
-0.5574
-0.6249
0.4404
-0.4588
-0.3818
0.3818
0.744
-0.4767
-0.4404
0.34
0.3612
0.296
0.3182
0.34
0.6808
0.3182
0.1779
0.2023
0.7496
0.6274
-0.4572
-0.0258
-0.3182
-0.1695
-0.1655
0.4926
0.3724
-0.4019
-0.3252
0.802
0.7717
0.5719
0.5106
0.8271
-0.3818
0.7964
-0.296
-0.3182
-0.1531
0.5267
-0.2263
0.0772
-0.34
0.296
-0.8176
-0.4717
-0.296
0.3182
-0.4019
-0.3818
0.4939
0.3612
-0.3412
0.7184
0.6705
-0.4767
-0.0516
0.0915
0.9349
0.4075
0.1571
-0.3182
0.5216
0.2732
-0.4767
0.6597
0.6705
-0.3566
-0.8074
-0.431
-0.6369
0.4215
0.0258
-0.7351
-0.9565
-0.872
-0.9275
-0.4215
0.4754
-0.3597
-0.3089
0.2924
-0.7177
-0.0869
-0.296
-0.3182
-0.34
-0.5423
-0.7501
-0.34
0.296
0.4168
0.3818
0.886
0.1779
0.3818
0.4019
0.5927
0.4404
0.7096
0.6808
-0.2263
0.5423
-0.4526
-0.0258
-0.631
0.1779
0.5423
0.8397
-0.34
0.4019
0.3182
0.4449
-0.6369
0.5216
0.4404
-0.5574
0.4005
-0.5514
-0.7351
-0.5256
-0.6908
0.4753
-0.7717
-0.6705
0.0155
-0.6249
-0.0516
-0.296
-0.5697
-0.9001
-0.2062
-0.3809
-0.2263
0.4019
-0.0226
-0.1027
-0.4767
-0.5106
-0.5106
-0.296
-0.6597
0.3182
-0.296
0.2263
-0.3612
0.2263
-0.7413
0.3182
0.6249
0.3506
0.4404
0.7096
-0.4019
0.34
-0.1531
0.5568
0.7964
-0.3612
-0.1035
-0.6808
-0.6249
-0.2006
0.4404
0.0366
0.743
0.34
-0.25
-0.0015
-0.1531
-0.4404
-0.6369
-0.2023
0.2263
0.5267
-0.1526
0.7351
-0.2023
-0.2895
0.34
0.0762
-0.5499
0.2263
-0.4019
-0.1586
-0.3182
0.4404
0.4588
-0.1548
-0.5574
0.2144
0.4939
-0.3182
-0.8126
-0.3182
0.5574
-0.0258
0.6124
0.4588
-0.7003
-0.25
0.5632
0.1779
0.3612
-0.3804
0.4215
0.4678
-0.4767
-0.2789
-0.048
-0.4109
0.3182
0.5624
-0.2716
0.4497
0.1695
-0.6179
-0.875
-0.2023
-0.5106
-0.7269
-0.0516
0.5927
0.4404
0.4404
-0.5859
-0.5423
-0.2484
-0.9136
-0.8074
0.1027
0.4404
0.3182
0.4019
-0.8591
0.2732
-0.233
0.296
-0.6908
0.4404
0.3818
0.3612
0.5994
-0.1027
-0.3291
-0.4956
0.4019
0.4404
0.4404
0.6124
-0.2732
0.4404
-0.296
-0.1531
-0.5574
-0.5216
-0.886
0.357
-0.4588
-0.6124
-0.8807
-0.2648
0.5859
0.3818
-0.2755
0.5719
0.4364
-0.2177
-0.296
-0.5859
0.5559
0.4215
-0.1027
-0.2912
-0.1027
0.4019
0.8625
0.6486
-0.3412
-0.3182
0.296
0.5994
-0.5859
-0.25
-0.6705
-0.5859
-0.4939
0.5574
0.4404
0.7845
0.6705
0.2144
0.5647
0.1779
0.4939
0.8225
-0.2023
0.4939
0.0094
-0.2023
0.2732
-0.0516
0.3818
-0.5423
-0.3182
0.4215
0.3736
0.5267
0.2263
-0.5283
0.4019
-0.2173
-0.5501
0.4497
-0.6597
-0.1695
0.0772
0.1877
0.34
0.4019
0.0869
0.1045
-0.4767
-0.4215
-0.4019
-0.3412
-0.5075
-0.3612
-0.8885
-0.7003
-0.3612
-0.4019
-0.7579
-0.8316
-0.822
-0.296
0.3612
-0.1027
0.1531
-0.5106
0.3182
0.5423
0.5106
-0.2392
0.5267
0.8032
-0.3017
-0.2732
0.6369
0.3802
-0.296
0.4767
0.4939
0.7827
0.5859
0.4404
0.5267
0.5984
-0.7198
-0.8126
0.4576
-0.3384
0.1531
0.4939
0.25
0.6124
0.1027
-0.8555
-0.5267
-0.1583
-0.6187
0.5106
0.0772
0.3626
0.8402
0.4404
-0.3089
0.6369
-0.3182
-0.8126
0.3612
0.6705
-0.2023
0.2732
0.3612
0.3612
-0.2411
0.4404
0.0772
0.3612
-0.1027
0.631
-0.3089
0.4588
0.7964
0.5574
0.3384
0.2057
0.6124
-0.6319
-0.4767
-0.3818
-0.4019
-0.2315
0.5267
-0.3182
-0.2023
0.2127
0.2584
0.2263
-0.1531
-0.2411
0.128
-0.3612
0.3612
-0.2263
0.3182
0.2263
-0.25
-0.7906
0.1531
-0.4047
0.6542
0.6705
0.3612
-0.5255
-0.7152
-0.4767
-0.3818
-0.5334
-0.5563
-0.296
0.0258
-0.1027
0.7096
0.34
0.4215
-0.296
0.5801
0.3612
-0.4523
0.6249
-0.5423
-0.5413
-0.6124
0.2235
0.3612
-0.2732
-0.5106
0.4939
0.296
0.4663
-0.296
-0.7964
-0.4588
-0.7121
0.8442
-0.4404
0.0772
-0.2023
0.0516
0.3089
0.3182
-0.34
0.5106
0.4939
-0.1725
0.5267
0.4404
-0.5574
-0.4168
-0.296
0.8271
-0.3818
-0.3966
-0.7351
0.296
-0.6696
0.4404
-0.3612
-0.2263
-0.34
-0.4215
0.1531
-0.4019
0.6369
-0.5709
0.6908
0.3182
0.4215
0.34
0.0772
-0.296
-0.6461
0.4019
-0.6908
-0.7845
-0.5023
-0.1027
0.3612
0.2023
-0.6705
0.1695
0.4215
0.6908
-0.5334
-0.2411
0.3182
0.7506
0.5448
-0.296
0.3182
0.4767
-0.5664
0.3477
0.2023
-0.3595
0.296
-0.3089
-0.7806
-0.5423
-0.3384
0.0129
-0.6486
0.2492
0.631
-0.6187
-0.8126
-0.2732
0.631
-0.3089
-0.3182
-0.3818
0.4019
0.6249
0.4019
0.4926
0.1027
-0.4939
0.2732
0.4404
-0.3875
0.4287
0.6621
0.5255
0.3612
-0.2732
0.3612
-0.4019
-0.3182
0.3626
0.0516
-0.296
-0.4404
-0.7657

2018-09-07 17:30:07
T0.0
-0.5423
0.4588
-0.6696
0.2018
-0.7351
-0.3612
-0.8779
0.128
0.659
-0.5106
0.8225
-0.4215
-0.0258
-0.743
-0.5709
0.34
0.7096
-0.5574
0.4588
0.5562
-0.4215
-0.3182
-0.5006
0.3612
0.6908
-0.9118
-0.656
-0.5994
0.8807
-0.0772
0.7964
0.6124
-0.5423
-0.8555
0.1531
-0.4201
-0.2893
0.0772
-0.4939
0.7906
-0.128
-0.128
-0.4588
-0.6881
-0.2023
-0.7964
-0.7003
-0.8689
-0.296
0.4215
-0.5423
0.4019
0.144
0.2778
0.431
-0.1027
0.1511
-0.4767
0.2023
-0.2732
0.6597
0.3182
-0.6486
0.5994
-0.1027
-0.7003
0.5538
-0.0772
0.4329
-0.8271
0.4877
-0.9062
-0.3757
0.5106
-0.1298
-0.3612
0.25
-0.6249
-0.5859
-0.5095
-0.6124
0.7964
0.7184
-0.5994
-0.4588
-0.0772
0.4215
-0.0258
0.6597
0.128
-0.296
-0.5423
-0.4003
-0.5413
-0.4019
0.1027
-0.5538
-0.5423
0.4391
0.431
-0.3612
-0.3818
0.5574
-0.4588
0.4404
-0.1695
-0.5214
0.6249
-0.5423
0.5983
-0.34
0.0516
-0.5423
0.5574
0.4927
-0.1779
-0.2732
-0.296
-0.4215
-0.8126
0.4404
0.0498
-0.886
-0.6225
0.0772
-0.1419
0.296
0.0258
-0.128
-0.2755
-0.2755
0.2023
-0.4767
0.1531
0.8875
0.3182
-0.7351
0.4973
0.6486
-0.8176
-0.6652
0.4215
-0.296
-0.5423
-0.3089
-0.6124
0.2411
-0.5945
-0.3182
0.6652
0.34
0.3612
0.3612
0.7269
0.3612
0.9664
0.4215
-0.4767
-0.3875
0.4201
0.5574
0.3612
-0.0572
-0.3343
-0.6808
-0.7783
0.5859
0.5859
-0.836
-0.2023
-0.2287
0.3612
-0.6486
0.4767
0.6808
0.0772
-0.3941
-0.5267
0.5707
-0.6124
0.4773
-0.6759
-0.2732
-0.5574
0.3322
0.4212
0.0258
-0.5267
-0.6114
-0.5719
-0.7096
-0.6956
-0.4926
0.509
0.4939
-0.7964
-0.4019
-0.4774
-0.7783
-0.4215
-0.5546
-0.6908
-0.5859
-0.128
0.7003
-0.7184
0.624
0.5106
-0.0772
0.4585
-0.4767
-0.4019
-0.5423
-0.6124
0.5106
0.4939
0.7003
0.5208
-0.6486
-0.0372
-0.6705
0.4939
-0.8271
-0.7717
0.6375
0.6124
0.7003
0.5106
-0.8225
-0.26
-0.8225
0.296
0.8176
0.3612
-0.5574
0.8625
0.5972
-0.594
-0.4019
-0.3818
-0.8158
-0.7902
-0.2023
-0.8689
0.1027
-0.7096
-0.9275
-0.3182
-0.6124
-0.0772
0.296
-0.4023
-0.34
-0.3412
-0.3818
0.8172
0.2732
-0.4588
-0.264
0.4215
-0.296
-0.7351
-0.4588
-0.361
0.6497
-0.5267
0.4331
0.4404
-0.743
-0.0772
-0.0772
-0.7845
0.7496
-0.0258
-0.5719
-0.3818
0.3612
-0.6249
-0.34
-0.5574
0.4939
-0.5423
-0.4019
0.4939
-0.7269
-0.4767
-0.5267
0.4404
0.1027
0.4019
0.4199
0.4199
0.6597
0.0258
-0.2716
-0.2023
0.3612
-0.3566
-0.4767
-0.3309
-0.0516
-0.2755
0.4767
0.4215
-0.4588
-0.9474
-0.5499
-0.6304
0.5719
0.4588
-0.4023
0.3182
0.3007
-0.0516
0.7506
-0.6718
0.34
0.7184
0.8885
0.631
0.128
-0.7269
-0.128
-0.2425
-0.0772
-0.7351
-0.513
-0.5878
-0.6124
0.4023
0.3612
0.7126
-0.8588
0.7783
0.6908
0.8573
0.6908
-0.296
-0.6501
-0.7574
-0.6921
0.3612
-0.4404
-0.296
-0.1779
-0.0772
-0.5423
0.5859
0.1027
0.743
0.5859
-0.5719
-0.5423
-0.296
-0.5106
0.7914
-0.4767
-0.7906
0.296
-0.2263
-0.3182
-0.7845
0.7845
0.3612
0.4767
-0.8176
0.6705
-0.3182
0.2263
0.7269
-0.5267
-0.2755
-0.5106
0.1331
-0.5267
-0.6808
0.0186
-0.1027
0.128
0.0516
0.4019
0.7717
-0.4767
-0.7717
0.4404
0.34
0.2023
-0.6124
-0.5859
-0.5859
0.765
-0.4767
-0.5216
-0.357
0.5448
-0.296
0.1139
-0.5267
0.4767
0.0772
-0.0624
0.34
0.2434
0.7527
0.6969
-0.4588
0.34
0.4019
-0.2842
0.4033
-0.6705
-0.5859
-0.296
0.4939
-0.743
-0.1027
-0.4588
-0.6124
-0.4939
-0.4939
-0.0387
-0.3182
0.2235
-0.3818
0.5267
0.2732
0.3612
-0.4144
0.1027
-0.4939
-0.5267
-0.4767
-0.7579
-0.6072
0.3612
0.6486
0.7628
-0.7217
0.5073
0.4588
-0.2732
-0.802
0.6344
0.4019
-0.6249
-0.8316
0.5994
0.4019
-0.5267
-0.743
0.4019
0.1779
-0.128
0.8658
-0.2263
0.4588
0.4404
-0.1695
0.5574
0.4404
0.4404
0.4215
-0.4767
-0.7184
-0.34
0.25
-0.5859
-0.296
0.5318
0.4939
-0.4215
-0.296
0.631
-0.6476
0.5707
-0.5983
-0.4215
-0.25
0.4404
0.1027
0.869
-0.296
-0.2582
0.4939
0.3612
0.34
0.5574
-0.3724
-0.0865
0.3182
0.1154
-0.6705
-0.2263
-0.3182
0.0516
0.5267
0.4497
0.3291
0.3612
0.2228
-0.296
-0.4404
0.296
-0.2755
0.296
0.6908
0.4404
0.34
-0.1027
-0.2057
0.4019
0.4215
0.7311
-0.34
-0.3612
0.3887
-0.5956
0.3612
0.3612
0.5719
-0.2263
-0.6964
-0.0772
0.3071
0.2732
0.2023
0.3612
0.7657
-0.7964
-0.891
-0.0534
-0.3182
0.7096
0.3089
0.7184
0.2023
0.6249
-0.2023
-0.4646
0.431
-0.6486
-0.1779
-0.3804
0.7351
0.4404
0.4404
-0.7717
-0.3384
-0.1779
0.0772
-0.1053
0.4767
-0.5267
-0.5106
0.4588
0.3818
0.2382
-0.5423
-0.128
0.7579
0.0258
-0.3612
0.4019
0.2732
-0.6124
-0.1546
-0.5574
-0.067
0.4019
0.1754
-0.5627
-0.3408
-0.4215
-0.5574
0.4588
0.4973
0.2144
-0.4767
-0.7506
-0.2263
-0.5267
-0.7351
-0.5994
-0.7783
0.3612
0.128
0.296
-0.3182
-0.25
-0.4767
0.7003
-0.3818
0.6597
-0.2023
0.4939
0.0772
0.604
0.6088
0.0232
0.3612
-0.7424
0.4588
0.2732
-0.6823
0.2732
0.2732
0.1779
-0.6249
0.1655
-0.4019
-0.4215
0.5859
0.6597
0.1002
0.8801
0.25
-0.2755
-0.4215
0.4019
0.4588
0.7717
0.5719
0.4215
0.8957
0.0489
-0.5574
-0.5983
0.8296
0.6705
0.4201
-0.4588
-0.5423
0.8074
0.1779
-0.3071
-0.2732
0.5927
0.3612
0.7096
-0.4019
-0.2263
-0.3384
0.4939
0.4939
-0.296
-0.4391
0.4215
-0.4767
-0.6495
0.2023
0.6319
0.3197
0.2516
0.7351
0.25
0.5106
0.9231
0.6808
0.6325
-0.9042
0.8271
-0.7717
-0.4019
-0.6369
0.5657
-0.1779
-0.296
-0.4019
-0.5423
0.296
0.128
-0.4588
-0.6249
-0.3597
-0.4767
-0.3612
-0.7506
0.5719
-0.4153
-0.357
0.534
-0.0572
0.0314
-0.4019
-0.4795
0.1754
0.4767
-0.5627
-0.25
-0.5106
0.2023
-0.3408
0.7506
-0.296
-0.4847
-0.5859
-0.6808
-0.7096
-0.0516
-0.8481
-0.5106
-0.5859
-0.2023
-0.6597
-0.5984
-0.5321
0.1779
0.3182
0.2023
-0.4767
0.2023
-0.4742
0.1695
-0.296
-0.4767
0.6486
-0.6872
0.4404
-0.5809
0.7902
0.7964
0.0516
0.4019
0.3331
0.7584
-0.5994
-0.7506
-0.12
0.128
-0.25
0.25
0.4019
0.0138
0.4404
0.0243
-0.9382
-0.743
0.4449
-0.1027
-0.1027
0.0613
0.6705
-0.4404
0.0772
-0.4588
0.4019
-0.1531
-0.5106
-0.3182
0.5719
0.6597
0.4215
0.4215
0.4215
-0.2755
-0.3612
0.552
0.1531
-0.014
-0.1263
-0.1796
-0.4215
0.2732
-0.0752
-0.34
-0.5994
-0.6517
-0.4019
0.3197
0.4019
-0.8118
0.4512
-0.3612
0.0258
-0.1688
-0.296
-0.7424
0.2732
0.6597
0.2263
-0.296
-0.7227
-0.25
-0.8794
-0.8807
-0.1779
-0.34
0.2732
0.4767
0.5267
0.1779
-0.25
0.5267
0.7506
-0.296
0.6808
-0.296
0.34
-0.6808
-0.7096
-0.5859
-0.4767
0.6369
-0.0516
-0.25
-0.1027
-0.5216
-0.5859
0.4588
-0.2263
0.0772
-0.2755
-0.296
-0.4391
0.3612
0.4005
-0.4767
-0.4767
-0.5106
0.4215
0.296
-0.34
-0.2263
-0.3612
0.6956
0.5106
0.4199
-0.6808
-0.25
-0.5423
0.7778
0.6808
-0.3182
-0.296
-0.9117
0.6517
0.0613
0.5267
0.2732
0.0258
-0.2023
-0.34
-0.6522
0.4199
0.3182
0.7469
0.296
-0.5994
0.296
-0.296
0.6808
-0.4767
0.4215
0.296
-0.34
0.3612
-0.4574
-0.4019
-0.6908
-0.5106
0.7003
-0.4215
0.5267
0.34
-0.25
-0.4767
0.1027
-0.8479
0.4939
0.5574
-0.2924
0.5994
-0.3612
-0.296
0.6187
-0.0772
-0.5849
-0.8516
-0.8271
0.4404
0.6808
-0.296
0.0232
-0.7269
0.9136
0.1779
-0.431
-0.128
0.4754
0.7351
-0.4588
0.2263
-0.0772
0.3818
-0.296
-0.1793
-0.3182
0.836
0.0511
-0.25
0.4019
0.0258
-0.836
-0.3252
-0.5267
0.2115
-0.5733
0.3818
0.2263
0.6486
0.4215
-0.4215
0.765
0.6105
0.3612
0.3724
0.4019
-0.296
0.1027
0.4019
-0.5859
0.4939
-0.9117
-0.3291
0.4927
0.4019
-0.3616
0.7783
-0.5423
0.8885
0.4404
0.6808
-0.9203
-0.7151
0.7263
0.3182
0.0772
0.296
-0.0394
-0.4767
-0.5859
-0.8803
-0.6249
0.7717
0.3612
-0.1779
-0.6124
-0.9451
0.6369
-0.1779
0.7184
0.4215
-0.296
0.5859
0.5859
-0.7003
0.4939
0.7469
-0.1606
0.4158
-0.4588
-0.4588
-0.5106
0.8566
-0.6124
0.4404
0.4404
0.7684
-0.4215
-0.3818
0.5574
-0.4939
0.7003
-0.1571
0.9136
0.6486
-0.617
0.6124
-0.2023
0.7558
-0.296
-0.2924
0.5859
-0.3612
-0.3632
-0.5504
0.1511
-0.5574
0.3182
0.296
-0.7184
0.4215
0.6249
-0.2263
-0.6705
0.5881
-0.6486
-0.509
-0.7783
-0.431
-0.3865
-0.6696
-0.0762
0.4404
0.6249
-0.4417
-0.5859
0.3612
-0.3875
0.5423
-0.5994
-0.1531
-0.0572
0.0772
-0.3874
-0.4939
-0.7506
0.4215
-0.2528
0.742
-0.6124
0.453
0.015
0.8591
0.4576
-0.128
-0.4588
0.0258
-0.4939
0.521
0.2732
-0.0258
-0.296
0.7425
-0.4404
-0.7264
-0.3182
0.3612
0.7003
-0.5423
-0.6086
-0.3612
0.2263
0.2263
0.7506
0.5423
-0.0772
-0.5849
-0.6369
-0.5106
0.4215

2018-09-05 00:33:58
T0.296
-0.5719
-0.2263
-0.5684
0.4588
-0.1052
-0.5859
-0.2732
0.4215
0.7057
-0.4588
-0.4767
0.1531
0.836
0.296
-0.4574
-0.7097
-0.6696
-0.4019
-0.3612
-0.3346
-0.2263
0.6213
0.7003
0.5093
0.1263
0.7096
0.2023
0.0772
-0.296
-0.1901
-0.4639
-0.6597
-0.2023
0.4939
-0.4404
0.5719
-0.0516
-0.5859
0.4404
0.8225
-0.6652
-0.1531
0.296
0.0772
-0.6908
0.7906
0.4404
0.2933
0.2023
0.6174
-0.7193
-0.4019
0.2144
0.8779
0.3412
0.6997
0.5267
-0.033
-0.5542
0.3804
0.5826
0.296
0.2732
-0.4588
-0.5574
-0.5023
0.128
0.296
0.7278
0.5423
0.6601
-0.6249
-0.25
0.128
-0.4215
0.5719
-0.3875
0.6808
0.296
0.2263
0.7003
-0.25
-0.357
-0.0675
0.4019
-0.2263
0.4939
0.296
0.296
-0.7579
-0.5859
0.3612
-0.2755
-0.886
0.2547
0.3511
-0.8481
-0.4416
0.4019
-0.0258
0.3182
0.8578
-0.2732
0.128
-0.7703
0.3595
0.6808
-0.3085
-0.2263
0.1779
0.6249
0.3612
0.3612
0.4588
-0.4404
0.2263
-0.6023
-0.34
0.1027
-0.3389
0.3832
0.2732
-0.5491
0.4588
0.7449
-0.2023
-0.6124
0.0772
-0.5423
0.5106
0.5574
0.6744
0.4939
0.8555
0.875
-0.6249
-0.4019
-0.5574
-0.7184
-0.34
-0.2732
-0.4767
-0.7964
0.8658
-0.6808
0.7579
0.6249
-0.5187
-0.7269
-0.631
0.0772
0.6652
-0.0516
-0.805
0.6705
-0.5497
-0.3252
-0.0772
-0.8129
-0.3595
0.5719
0.5829
0.4215
0.0516
0.6249
-0.2732
-0.2732
-0.1511
-0.7077
0.4588
0.0762
-0.296
-0.6249
-0.3705
-0.7451
-0.0516
0.6369
-0.5423
-0.5661
-0.4767
0.6055
0.765
0.1779
0.3182
0.34
-0.5983
0.296
-0.5709
-0.1779
-0.296
0.2263
0.4215
-0.5859
-0.4939
0.5574
-0.25
-0.2682
-0.7003
0.3612
-0.2935
-0.765
0.1027
-0.1027
0.6808
-0.25
0.6883
-0.4215
-0.1779
-0.1586
0.1928
0.4588
0.5983
-0.3818
0.4404
-0.3612
0.4404
-0.1027
0.6124
-0.395
-0.5719
-0.3252
-0.5267
0.4588
0.7269
0.3612
0.6177
-0.7835
-0.7351
-0.6124
0.1796
0.4019
-0.5267
-0.6369
-0.2732
-0.2732
0.1027
0.7184
0.1531
0.5106
0.296
-0.69
-0.6249
0.4939
-0.1531
-0.7506
-0.106
0.6927
-0.3612
-0.0258
-0.5719
0.0516
-0.9062
-0.8
0.4939
-0.2732
0.3818
0.4019
0.4522
0.2732
-0.3353
-0.6249
-0.7269
-0.802
-0.886
-0.9186
-0.25
-0.5423
0.5106
-0.3412
0.5627
0.6486
0.743
0.4105
-0.2584
0.049
-0.3182
-0.296
-0.25
-0.7579
0.3612
0.0772
-0.5719
-0.4023
0.2263
0.4939
-0.0772
0.1779
-0.7989
0.5537
0.2197
-0.3346
0.0772
-0.2755
0.128
-0.2732
-0.5423
0.6566
-0.6908
0.4767
0.4215
0.4173
0.296
-0.2023
0.296
-0.6428
0.5859
-0.5267
0.296
0.34
0.1779
-0.34
0.3612
-0.9144
0.2263
0.8689
0.5267
0.4767
-0.4449
-0.0772
0.5106
-0.289
0.6369
-0.5106
0.079
0.4019
0.8658
-0.6369
0.5106
-0.6908
0.3818
0.6249
0.3612
-0.5996
-0.0553
-0.296
0.3612
0.4939
0.2732
-0.7227
0.4939
-0.296
0.4939
-0.1531
-0.5574
0.7959
-0.6908
-0.0516
0.3612
0.5267
0.7717
0.6249
-0.7003
0.3612
-0.8481
0.6705
0.7269
0.4019
0.25
0.4019
-0.5574
0.4019
-0.7184
0.5106
-0.4019
-0.4019
-0.5106
0.2023
-0.2732
0.1779
-0.2748
-0.7845
0.4939
0.2732
0.775
0.6041
0.6369
0.7964
-0.4019
-0.5574
0.2924
-0.2263
0.2732
0.3779
-0.296
-0.3089
0.6407
0.6956
-0.296
-0.3818
0.1901
0.3716
-0.4767
0.4215
0.4215
-0.5694
0.1027
0.4215
-0.4391
0.2263
-0.7579
-0.1531
-0.4215
0.3612
-0.128
0.3612
0.6177
-0.25
0.6124
-0.1074
-0.3818
0.0772
-0.6369
-0.3612
0.5106
-0.5423
0.2023
-0.3182
-0.0992
-0.0772
-0.7964
-0.4939
-0.1779
-0.2411
0.4939
0.4939
0.9411
0.3612
-0.6115
-0.1027
0.8481
-0.4404
-0.7073
0.4939
0.4404
0.3384
0.5927
0.25
0.7003
0.2263
0.4019
0.5859
-0.5574
-0.5719
-0.1027
0.4522
-0.3744
-0.4215
0.7175
0.296
0.223
0.2621
0.539
0.0772
-0.217
0.5267
-0.296
0.3832
0.7579
0.6369
-0.4767
-0.0286
0.8555
-0.5423
-0.4767
0.2023
0.5423
0.5213
0.4019
-0.6756
0.7964
0.5267
-0.7269
0.4215
-0.0762
-0.6769
-0.1793
0.3089
0.4243
-0.25
0.3612
-0.296
-0.4574
0.296
-0.3919
0.101
-0.8409
-0.5106
0.4019
-0.0516
-0.0772
0.5106
-0.4215
-0.8126
-0.7534
-0.3595
0.4019
-0.5719
-0.5719
0.2565
0.296
0.624
0.4688
-0.1779
-0.0258
0.3612
0.6369
0.3612
0.4479
0.4404
0.5994
-0.3089
0.1901
0.2023
-0.3535
0.7906
0.4404
-0.5256
0.4215
0.6597
-0.6908
0.5719
0.6407
0.0762
0.9118
0.2263
-0.3875
-0.6213
0.4939
0.7227
0.6124
0.296
-0.1531
0.1635
-0.5106
0.4033
-0.6591
-0.4678
0.5932
-0.3818
0.5574
-0.7035
0.4449
-0.4854
-0.743
-0.4264
-0.701
0.1655
-0.6759
-0.34
-0.5267
0.9382
-0.296
0.128
-0.1531
-0.296
-0.6597
-0.2924
-0.5719
0.5106
0.6715
-0.765
0.5574
-0.3412
-0.3252
0.34
-0.0772
0.4404
-0.4767
0.6055
0.765
0.1779
0.1655
0.8655
0.4404
0.3612
0.2782
0.8606
0.836
0.2023
0.4404
-0.6597
-0.2263
0.501
0.0772
-0.0772
0.0772
-0.0516
0.7778
0.7351
0.3612
0.5256
0.9001
0.296
0.4404
-0.5267
0.2263
-0.296
-0.128
-0.0516
0.6486
0.6705
-0.7351
-0.296
-0.0772
0.2846
0.4588
0.1531
-0.7184
0.2023
-0.7003
-0.296
0.0516
-0.2263
0.5777
0.4404
-0.34
-0.6124
-0.5635
-0.1531
-0.2263
0.6369
0.2023
0.5984
-0.0572
-0.2732
-0.1877
0.4019
0.0387
0.0258
0.4215
-0.1531
-0.2755
-0.4588
0.6369
-0.3818
0.1695
-0.4215
-0.34
-0.4019
0.1798
0.7579
-0.2263
-0.0352
0.743
0.4404
0.4939
0.128
0.3182
-0.8225
0.4215
0.5574
-0.1531
-0.7506
-0.8753
-0.8074
-0.6808
-0.6666
-0.4654
-0.0869
0.1615
-0.3875
0.0258
0.4588
-0.7096
0.7808
0.3612
0.2023
0.2023
0.9114
0.7579
0.0765
0.296
0.4215
0.8481
0.4404
0.7783
-0.5255
0.7137
0.7003
0.3509
0.0711
0.4497
0.9259
0.0516
-0.2732
0.7351
0.1531
-0.2732
0.4404
-0.3818
-0.6454
0.0516
0.4215
-0.4019
0.3182
0.7677
-0.6808
0.659
0.8074
0.6808
0.3612
0.4588
-0.8969
-0.1759
-0.2263
-0.4215
0.4404
0.5574
0.3182
-0.5467
-0.5267
-0.2755
-0.296
-0.6096
0.4019
0.0772
-0.4023
0.4019
-0.1779
-0.34
-0.8225
0.4939
-0.4019
-0.4215
0.4404
0.1911
-0.0772
0.128
-0.7351
-0.296
0.7184
-0.296
-0.1531
-0.6187
-0.25
0.0772
-0.4767
0.3818
-0.6249
-0.4019
-0.3612
0.0368
0.4215
0.8074
0.92
0.6249
-0.128
-0.0516
-0.714
0.0164
-0.1027
-0.6249
0.2975
0.6124
-0.3102
-0.0096
-0.7579
0.5106
0.3612
-0.4939
0.3384
0.5023
-0.4168
0.2023
0.4019
-0.0307
0.6249
0.2263
-0.4449
0.5046
0.9753
0.7096
0.3818
-0.4215
0.2484
0.6908
0.8957
-0.1779
0.784
-0.229
-0.4215
0.3182
0.2732
-0.2755
-0.891
-0.6249
-0.6249
-0.0516
-0.5267
-0.6124
-0.6124
0.7558
-0.6486
-0.4404
0.6115
0.8625
-0.2714
-0.2023
0.2732
-0.8402
-0.9287
-0.1083
-0.4588
-0.4767
-0.2732
-0.9215
0.4939
0.2732
0.8126
-0.4404
-0.25
0.2732
0.2263
-0.4215
-0.6597
0.2732
-0.5574
-0.5423
-0.4404
-0.8689
-0.5574
-0.7964
-0.5423
0.4497
0.1531
0.3612
-0.4215
-0.0772
-0.7845
-0.4939
0.4404
-0.6597
0.0772
-0.8752
0.6597
-0.634
0.0976
0.4404
-0.5574
0.6369
-0.6369
-0.7506
-0.872
-0.6769
-0.296
-0.4215
0.743
-0.6369
0.4404
-0.4728
0.1139
0.3869
0.7233
0.7783
-0.128
0.2263
0.6369
0.4188
-0.296
-0.3612
0.4404
0.7096
0.561
0.34
0.5719
0.3832
-0.2617
0.3506
0.296
0.7227
-0.34
0.4019
0.8074
0.5574
0.7096
0.5574
-0.2023
-0.296
-0.0516
0.4588
-0.2023
-0.7351
-0.7717
0.5267
0.631
-0.1429
0.6808
-0.25
0.25
-0.6124
0.3182
0.1531
0.4939
0.9382
0.6486
-0.296
0.2235
0.6597
-0.0258
0.6369
-0.4019
-0.7783
-0.25
-0.4767
-0.4215
-0.4215
-0.7906
-0.6705
0.3086
-0.7845
-0.3716
0.6652
0.3818
-0.4939
-0.6597
-0.4767
-0.8809
0.5574
0.2023
-0.4295
-0.3612
0.4404
-0.6369
-0.8402
-0.4588
-0.8402
-0.6705
-0.3182
0.0469
0.6858
0.5106
-0.2411
0.296
0.7574
0.8126
0.4404
-0.6361
-0.3412
0.4404
0.6249
0.3182
0.3818
0.2732
-0.7096
0.34
0.765
-0.4019
-0.2023
0.4939
0.34
-0.1027
0.3182
-0.34
0.25
0.4019
-0.1027
0.4549
0.3612
-0.6124
-0.3802
0.296
0.4404
0.4767
0.8896
0.4497
0.3612
0.7054
0.866
-0.7964
0.6369
0.4404
-0.2006
0.431
0.5927
0.5994
-0.5777
-0.4091
-0.34

2018-09-19 21:43:49
T0.0
0.5093
0.4574
-0.5859
-0.765
-0.296
0.4449
-0.2003
0.7906
0.2263
0.2732
0.4404
-0.465
0.4404
-0.6249
0.0258
0.2023
0.7425
0.7263
0.1027
0.7579
0.4404
-0.2052
-0.6031
0.5267
-0.3875
0.5719
-0.536
0.4404
-0.6115
0.0258
-0.296
0.6652
-0.3612
-0.2091
0.1779
-0.2484
0.4019
0.6705
-0.6605
0.4144
0.5563
0.872
0.6369
0.575
0.6059
-0.4019
-0.2023
0.0516
-0.3612
-0.6808
-0.3182
-0.5719
-0.128
-0.2247
0.7223
0.6696
0.0516
-0.6249
0.3612
0.1027
-0.4404
-0.5106
-0.4043
0.3612
0.6808
-0.5423
0.4228
0.3834
-0.128
-0.6369
-0.3818
-0.34
0.6229
0.3182
-0.3089
0.0507
-0.128
-0.6369
-0.3818
-0.34
0.5707
0.4404
0.0258
-0.3089
-0.3989
0.3612
0.558
-0.5267
-0.3832
-0.5267
-0.2411
-0.7717
-0.4767
-0.3708
0.4003
0.357
-0.0516
0.1511
-0.4019
-0.6908
0.0023
-0.25
0.4847
-0.4019
-0.4215
0.4019
-0.0516
0.3612
-0.3182
0.6124
0.4019
0.4404
-0.5423
-0.6597
0.4404
-0.5267
0.7269
0.5574
0.0772
0.5984
-0.4019
0.1901
0.5574
-0.703
0.8922
-0.2411
0.6644
-0.3875
0.4019
-0.8372
-0.4019
-0.5984
0.4404
0.4013
0.5542
0.2732
0.6124
-0.0772
-0.4767
0.1779
-0.2484
0.7544
-0.5624
-0.3595
-0.296
0.4404
0.0772
0.5719
-0.296
0.3818
-0.7184
0.1027
0.4404
-0.4404
0.1655
0.4404
0.4588
0.4939
-0.2484
0.6588
-0.5411
-0.2743
-0.4215
-0.8271
-0.3182
0.34
-0.0516
-0.296
-0.3597
0.4939
-0.128
-0.631
0.1603
-0.1531
-0.5106
0.1027
0.3182
-0.128
0.8608
-0.5719
0.1017
0.5106
0.7741
0.2225
0.68
-0.5893
-0.1779
0.2023
-0.0772
0.8805
-0.1027
0.3182
0.3182

2018-09-09 21:13:41
T-0.4588
0.3182
-0.8162
-0.5423
0.7523
-0.5106
-0.3182
0.5574
-0.431
-0.2755
0.7783
0.6705
-0.296
0.9231
-0.4404
0.2359
-0.3612
0.4767
-0.8316
-0.4019
0.2023
-0.5859
-0.4019
0.3612
0.2006
0.0772
-0.5859
0.4215
-0.357
-0.128
-0.5994
0.2846
0.8271
-0.1331
-0.4019
0.4497
-0.4588
-0.6124
-0.4767
-0.3182
-0.6705
-0.4019
-0.4754
0.1027
0.2411
-0.6597
-0.2144
-0.128
0.3252
-0.4019
0.8176
0.0516
0.5849
-0.6369
0.4215
0.886
-0.6597
0.6597
0.3182
-0.0258
0.2263
-0.2547
-0.5719
0.7688
0.6597
0.0992
-0.4449
-0.1226
-0.2023
-0.3612
-0.7351
-0.5696
-0.5859
-0.4576
-0.4215
0.1869
-0.3612
0.34
-0.0516
0.2263
-0.3612
-0.2755
0.3612
0.1779
-0.3612
-0.8512
0.4939
0.5719
-0.5574
-0.705
0.4416
-0.3818
-0.5859
0.5719
0.7269
0.5719
-0.4404
-0.743
-0.4198
0.6369
-0.4144
-0.3612
0.4404
0.7269
-0.5859
-0.2263
0.8225
-0.0644
0.7506
-0.3612
-0.4019
0.4588
0.5574
0.4939
-0.4215
-0.2732
-0.4404
-0.4215
0.2263
0.8225
0.4215
0.2411
-0.7003
0.0572
-0.0772
0.6808
0.5994
-0.2235
-0.4588
0.8519
0.6369
-0.5368
0.872
0.8217
0.8122
-0.34
0.296
-0.6908
-0.2263
-0.4215
-0.4404
0.3412
-0.4404
0.3252
-0.2732
0.5996
-0.0516
-0.4168
0.3252
0.3818
0.8481
-0.4973
0.9847
-0.3089
0.5719
-0.6239
0.296
0.5574
-0.3382
-0.2732
0.4588
0.2584
-0.7003
0.6909
-0.3182
0.4215
-0.34
-0.4019
-0.4939
-0.0849
0.0951
-0.128
-0.4019
0.0772
0.781

2018-09-04 07:21:49
T0.0
T0.0
T0.0
0.4576
0.6369
-0.1779
0.6705
0.34
-0.3612
-0.3089
0.3612
0.4019
0.7574
0.4939
-0.5499
-0.2263
0.3415
0.3612
0.7571
-0.4442
0.6369
0.6369
0.7096
-0.296
-0.3818
-0.128
-0.5106
0.0516
0.4404
-0.4526
0.3919
-0.2755
0.5574
0.0772
-0.0572
0.6369
-0.2023
0.4364
-0.4019
0.34
0.34
-0.5106
-0.34
0.2144
0.5994
-0.3182
-0.8271
0.34
-0.4767
-0.0516
-0.34
-0.6584
-0.0258
-0.8381
-0.3182
-0.5106
0.1781
-0.3804
0.128
-0.1027
-0.5849
-0.296
0.5574
0.3818
0.2732
-0.3612
-0.513
0.3818
0.6369
-0.7351
-0.2263
0.4767
0.4926
0.4753
0.6705
0.2354
-0.7334
0.3612
0.6908
0.2732
-0.4404
-0.395
-0.4777
-0.0258
-0.5423
0.7783
0.4215
-0.1655
0.85
0.5091
-0.3089
0.296
0.1511
-0.4585
0.2732
-0.3284
0.296
-0.3182
0.9306
-0.5106
0.3612
-0.5267
0.967
-0.6072
0.5983
-0.7184
0.4404
0.3612
-0.6486
0.3818
-0.5574
-0.5574
0.5994
0.4019
-0.7845
0.34
-0.2924
-0.1406
-0.4442
0.5106
-0.8313
0.4549
-0.2263
-0.5334
0.0444
0.6249
-0.2732
0.4404
0.4404
0.6369
-0.34
-0.5423
0.6808
0.3919
0.2732
0.6283
-0.4019
0.5994
0.6908
0.0258
0.1779
-0.1541
0.7703
0.9286
0.0516
0.7003
0.0459
0.6597
-0.7579
-0.3004
0.1779
0.6209
0.2006
0.4404
-0.3867
0.4767
0.128
-0.3804
0.0258
-0.765
-0.3818
-0.1154
0.5994
0.9737
0.3612
0.0772
-0.296
-0.3182
0.4168
-0.3182
0.3182
-0.5423
-0.1139
0.3612
-0.2023
0.4767
-0.3612
-0.1779
0.2401
0.636
0.6597
0.1531
-0.8516
-0.4767
0.4939
0.7644
0.1231
0.0258
-0.296
-0.5256
0.6124
-0.128
0.4019
-0.2732
0.3384
-0.34
-0.6705
-0.3818
0.5537
0.6588
-0.8271
0.2337
-0.1531
-0.4939
0.8765
0.8176
-0.4588
-0.8271
-0.5367
-0.6249
-0.4588
-0.3182
0.4404
0.0516
0.3182
-0.34
-0.9524
-0.8316
-0.1027
-0.4939
0.2732
0.7269
-0.8252
-0.7003
-0.4939
-0.5994
0.4019
0.0516
-0.25
0.7425
-0.0516
0.4215
-0.8581
0.3384
-0.7096
0.3818
0.4276
-0.5216
0.6124
0.4215
-0.6124
-0.8689
-0.0352
0.4404
-0.1591
-0.6114
0.0314
-0.5574
0.4215
0.4576
-0.8768
0.128
0.4404
-0.25
-0.8271
-0.4939
0.4215
-0.3353
-0.5574
-0.5267
-0.75
-0.5809
-0.4215
0.3818
-0.0516
0.6065
0.6486
0.4576
-0.4215
-0.6808
0.4215
0.0772
0.7184
0.5719
0.2023
-0.296
0.8297
-0.34
0.7506
0.8978
0.4215
-0.6442
-0.1154
-0.2023
-0.5106
0.6249
0.1065
0.7906
-0.2732
-0.5053
0.4215
0.2732
0.3612
0.4215
0.3182
-0.4939
-0.3182

2018-09-15 01:45:34
T0.0
-0.5423
-0.5267
-0.1531
-0.5423
-0.5267
0.5983
0.4404
-0.743
-0.4215
-0.25
-0.1007
0.6239
-0.34
-0.126
-0.5584
-0.4973
-0.7314
-0.5614
0.5831
0.5994
0.1695
-0.631
0.0258
0.4847
-0.2144
-0.8542
0.3536
-0.2732
0.4829
0.5106
-0.2732
-0.5106
-0.1311
-0.7351
0.4847
-0.7526
-0.8934
-0.922
-0.8134
-0.25
0.3536
-0.4102
0.4829
0.6705
0.4926
0.5106
-0.3802
-0.3612
0.4019
0.1119
0.4939
0.2363
-0.5499
-0.296
0.5423
-0.6705
-0.4522
-0.128
-0.3724
-0.5994
-0.4019
-0.7856
-0.5267
-0.5106
0.4588
-0.5423
-0.7579
0.7834
-0.8779
-0.6124
0.128
0.4588
0.7783
0.5859
0.4404
0.7003
-0.296
-0.9462
-0.3535
-0.8271
-0.1779
0.5233
-0.0258
-0.3535
-0.6808
-0.7964

2018-09-12 22:00:38
T-0.296
0.5574
0.5719
-0.6369
0.4767
0.8456
0.5574
-0.6369
0.3612
0.8074
0.5719
0.5859
-0.0382
-0.5095
0.6249
-0.7783
-0.3612
0.7964
0.7351
-0.3612
-0.5106
0.8885
0.5759
0.4588
-0.1877
0.2755
0.25
-0.4404
0.8271
-0.5719
-0.4215
0.3878
0.4199
0.296
0.5719
0.493
-0.5574
0.8522
-0.1139
0.3182
0.7579
-0.4404
0.6428
0.3818
0.7935
-0.2263
-0.1531
0.3612
0.2263
0.296
0.2755
0.2755
0.5423
0.5423
-0.4588
0.4939
0.6808
-0.34
0.3217
0.4199
-0.4019
0.4939
0.5777
0.6908
0.296
-0.6705
0.2732
-0.0516
-0.6705
-0.5859
0.3818
-0.2023
-0.0924
0.1779
0.6124
-0.4767
-0.5859
-0.6597
0.4019
0.6527
-0.4939
0.4767
0.5719
0.2306
-0.25
-0.4173
0.4215
0.7749
-0.1027
0.9153
0.5106
-0.4576
0.9136
0.5574
0.1779
-0.3612
-0.5106
0.5423
-0.1706
-0.4939

2018-09-05 16:17:19
T-0.3182
0.1531
0.4588
-0.4215
-0.4588
-0.7906
-0.4019
-0.2732
-0.4215
0.3597
0.3612
-0.4588
0.6705
-0.296
0.5267
-0.4939
0.1531
-0.2732
0.6759
-0.6486
0.3919
0.4449
0.128
0.6187
-0.5719
-0.4678
0.5256
0.5994
0.3089
0.3919
-0.6908
0.6705
-0.2144
-0.128
-0.5773
-0.5773
-0.5773
-0.4588
0.3818
0.6908
0.802
-0.5859

2018-09-05 00:34:34
T0.3612
T-0.4404
T0.3612
T0.4019
T-0.5719
T0.7717
0.128
-0.4741
0.126
0.3612
-0.3089
0.4019
-0.7778
-0.296
0.3182
-0.2023
-0.6369
0.2003
0.4939
0.2263
-0.5423
-0.7391
-0.3612
0.7003
-0.3903
-0.3947
0.5719
-0.8957
-0.7506
0.4019
-0.25
-0.3595
0.6696
0.6369
0.4588
-0.3612
-0.1007
-0.5423
0.3818
-0.7096
0.6448
0.3818
-0.765
-0.1531
-0.5719
0.8033
-0.4404
-0.3818
-0.1154
0.3309
-0.5859
-0.3612
-0.0633
0.5411
-0.7579
-0.6597
0.3612
-0.2648
-0.1154
-0.5963
0.4199
0.6239
0.891
-0.5023
-0.296
-0.7579
0.7003
0.5093
0.3781
0.3595
0.3182

2018-09-14 21:09:06
T0.5719
-0.4767
-0.5267
-0.296
0.1882
0.7579
0.5719
-0.4767
0.9493
-0.2755
-0.6808
-0.0772
-0.0479
-0.743
0.5719
0.3612
0.4588
0.6915
-0.2158
0.4019
0.1531
-0.5106
-0.5574
-0.7717
-0.1505
0.844

2018-09-10 02:21:36
T-0.2023
-0.34
0.4019
0.6114
0.3147
0.2732
-0.802
0.9432
0.2649
0.6597
0.1779
-0.6501
0.6808
0.1749
0.5256
-0.3612
0.6643
-0.1779
0.7678
0.5267
0.8126
0.8542
-0.2584
0.4767
0.6597
-0.5667
0.1779
0.3612
0.1779
-0.6501
0.6808
0.5423
-0.4249
-0.4003
-0.3818
-0.3802
-0.4118
0.4588
-0.4215
-0.5733
-0.1901
-0.3818
0.296
0.1548
0.8496
0.1531
-0.1154
-0.5859
0.5106
0.296
0.6124
0.0225
0.91
-0.3724
0.2748
0.7073
-0.2883
-0.0258
0.4201
0.2023
0.765
0.8402
0.1154
-0.3252
0.2259
-0.2732
-0.4939

2018-09-05 03:31:08
T-0.6369
T0.0
0.6476
0.3182
0.5994
0.296
-0.4215
-0.3182
0.6486
0.4939
0.3182
-0.5994
0.296
0.4019
0.743

2018-07-16 16:57:05
T0.2732
-0.5233
0.2263
0.7089
0.4404
-0.1531
0.4215
0.3612
-0.296
0.25
0.0258
-0.128
-0.5859
0.3647
-0.4019
0.6059
0.8122
0.4404
-0.4215
0.7717
0.4019
0.4215
-0.6652
-0.3612
0.4588
0.4404
-0.5574
-0.7003
0.5423
-0.4767
0.6757
-0.0516
0.1655
-0.3724
-0.4019
-0.2263
0.6764
0.3818
0.2732
-0.4404
0.7717
-0.3182
-0.1179
0.6705
0.7269
0.3683
0.7906
0.2732
0.4215
0.2263
-0.1027
-0.4019
0.1779
0.659
-0.4767
0.2878
0.7269
0.5023
0.296
0.8748
0.8074
0.3182
0.6597
0.5927
0.3612
0.6124
0.3947
0.1531
0.2382
-0.2755
0.4588
0.2709
0.7783
0.4019
0.0366
0.5023
0.5859
0.3612
0.8625
0.6249
0.7003
0.6249
-0.2732
0.6249
0.1531
0.3612
0.128
0.8335
-0.5849
-0.0026
0.2732
0.8957
-0.6249
-0.3412
-0.128

2018-09-21 19:32:33
T0.802
0.5859
0.5414
-0.2023
0.7184
0.1531
-0.4624
-0.2263
-0.0516
0.3612
-0.4019
0.4404

2018-09-10 16:28:24
T0.0
0.6597
-0.2411
-0.4019
-0.4678
0.0516
0.1655
-0.5267
0.2637

2018-09-05 19:17:45
T-0.5423
T0.0
0.2263
-0.6834
-0.7783
-0.3612
0.5647
0.1027
-0.4549
-0.4939
0.3182
-0.128
-0.3612
0.1027
-0.4215
-0.3612
-0.6597
0.6486
0.25
-0.3612
0.3657
-0.7506
0.128
-0.4019
0.25
-0.3182

2018-09-13 12:24:36
T0.4019
T0.5574
T0.7089
T0.0
T0.3612
0.3612
0.4019
0.4019
0.4588
0.7902
0.3612
0.5499
0.1901
0.2263
0.7269
0.0772
0.3182
-0.4782
0.4019
0.1376
0.7845
0.5244
0.4199
0.4019
0.4019
0.4926
-0.4019

2018-09-07 22:40:49
T0.4939
-0.25
0.5878
0.296
0.6369
-0.3612
-0.8126
0.802
0.0516
0.34
0.3612
-0.4588
-0.3182
0.4215
0.0931
0.1358
-0.6705
-0.5423
-0.5267
-0.7783
-0.3182
-0.3612
-0.296
-0.5106
-0.3182
-0.8873
-0.5859
0.4926
0.4215

2018-09-08 00:58:07
T0.0
T0.0
T0.0
T0.0
T-0.34
T-0.4497
T0.3612
T-0.3481
T-0.25
T0.0
T-0.5859
T-0.851
T-0.128
T-0.2206
T0.0
T-0.4588
T0.0
T-0.8625
T-0.296
T-0.0387
T0.6369
T0.0
T-0.3612
T0.0
T0.0
T-0.8126
T0.802
T0.0516
T0.0
T0.0
T0.0
T0.34
T0.0
T0.3612
T-0.4588
T0.0
T-0.3182
0.4019
0.5574
-0.3818
-0.0516
0.3919
0.5984
-0.6124
-0.1027
-0.2263
-0.0258
0.357
0.3818
0.5704
0.5859
0.7003
0.7096
-0.4926
0.3818
0.4404
0.296
-0.128
-0.0258
-0.4404
-0.4173
-0.4019
0.6239
-0.3612
-0.1501
-0.0258
-0.3612
-0.4753
0.5106
-0.6486
0.4019
0.9104
-0.1548
0.9042
-0.3612
-0.128
0.6124
0.8537
-0.3182
0.6476
0.5574
-0.3612
-0.3612
-0.0258
0.6124
0.5574
0.7501
0.5994
0.6124
0.5574
-0.4404
-0.3802
-0.4624
0.5719
0.6124
-0.6249
-0.5859
-0.3472
0.4767
0.7501
0.6792
-0.8519
-0.25
-0.4404
-0.5574
-0.296
-0.4767
-0.3612
-0.4019
0.1531
-0.6369
0.4767
0.0258
0.0191
-0.3612
-0.4019
0.5023
-0.4939
-0.6908
-0.2732
-0.4404
0.4019
-0.0258
0.5574

2018-08-31 00:49:49
T0.0
T0.0
0.4215
0.3182
0.4019
0.6239
0.4926
-0.296
-0.296
0.5859
-0.296
0.7096
0.3008
0.4215
-0.1779
0.2732
-0.4341
-0.4767
-0.5574

2018-09-08 00:23:17
T0.0
0.891
-0.3612
-0.8126
0.802
0.0516
0.34
0.3612
-0.4588
-0.3182
-0.5574
-0.5709
0.6124
0.1027
0.2263
0.0258
-0.357
-0.3818
-0.5704
-0.5859
-0.7003
-0.4019
-0.5574
0.3818
0.0516
-0.3919
-0.3612
-0.5709
0.6124
0.1027
0.2263
0.0258
-0.357
-0.3818
-0.5704
-0.5859
-0.7003
-0.4019
-0.5574
0.3818
0.0516
-0.3919
-0.5994
0.4404
0.4404
-0.4019
-0.3818
-0.4019

2018-09-15 09:58:30
T0.5563
T0.0
T-0.6597
T0.0
T0.0754
T0.4199
0.4404
0.5023
0.5106
0.5023
0.765
0.4404
0.4019
0.3612
0.7086
0.6124
0.4199
0.5563
0.0176
0.1015
0.3612
0.5106

2018-09-12 18:27:39
T0.4019
0.1779
0.0772
-0.6369
0.6446

2018-09-04 00:33:44
T0.4404
0.4939
-0.8625
-0.1779
-0.6908
-0.3818
0.2846
0.872
-0.9449
0.4404
-0.5423
-0.3612
-0.6124
0.4442
-0.2732
-0.8074
-0.8047
-0.3182
0.4829
0.4939
0.5499
-0.2247
-0.4215
-0.1695
0.4497
-0.7577

2018-09-17 06:42:09
T0.4019
0.4019
0.4926
0.8537
0.4926
0.4926

2018-09-04 21:46:20
T0.0
0.4215
0.1027
-0.4843
0.6989
0.5838
0.0956
0.7351
0.6808
0.296
0.34
-0.3412
0.3612
-0.6486
-0.3182
0.4215
-0.5988
-0.5574
-0.0516
-0.0516
0.6858
0.4902
-0.9246
-0.3182
0.2732
-0.8442
0.5574
-0.7269
-0.2263
-0.5423
-0.5574
0.25
0.4215
0.5841
-0.5106
-0.6908
-0.296
-0.5267
-0.128
0.1779
0.636
-0.2263
-0.25

2018-09-07 15:43:15
T-0.5574
0.34
-0.4404
0.4019
0.6973
0.5859
-0.2263
0.851
0.128
0.2206
0.4588
0.8625
0.296
0.0387
-0.6369
0.3612
0.8126
-0.802
-0.0516
-0.34
-0.3612
0.4588
-0.1027
-0.5267
0.3252
0.3182
0.4404
0.7506
0.5574
0.6428
-0.0772
0.8126
-0.2732
0.296
0.09
0.34
-0.2484
0.2732
-0.7003
-0.7783
-0.5927
-0.0772
-0.1655
-0.4939
-0.5106
-0.3182
0.6428
0.5267
0.7096
-0.6997
-0.0956
0.8885
-0.5777
0.296
-0.4404
0.7882
0.7311
-0.4753
0.2648
0.34
0.3818

2018-08-26 23:10:10
T0.0
0.5106
0.3612
-0.0516
0.7717
-0.3612
0.4019
0.0516

2018-09-04 09:02:14
T0.3595
T0.0
0.5574
-0.3612
-0.3612
-0.296
-0.0772
-0.4144
0.7845
0.4215
-0.4939
-0.2411
-0.4215
-0.7003

2018-09-04 20:17:48
T0.0258
0.4926
0.4215
-0.5574
0.4574
0.0258
0.4549
-0.3818
0.4019

2018-09-05 01:38:18
T0.0
T0.0
T0.0
-0.34
-0.34
0.4215
0.6072
0.5859
0.4215
0.7269
0.743

2018-09-02 16:30:21
T0.3182
0.6369
0.5106
0.3612
0.5095
-0.2263
0.6369
0.7959
0.6369
0.6418
0.6124
0.6908
0.1625

2018-09-09 19:11:58
T-0.296
T0.0
T0.4404
0.2023

2018-09-15 19:12:30
T0.0
0.9231

2018-09-12 20:34:45
T0.0
T0.5927
T0.7351
0.5023
0.765
0.4404

2018-08-25 01:04:30
T0.0
T0.0
T0.1531
T0.4927
T0.0
T-0.0891
T0.0
T0.4199
0.4404
0.7506
0.3612
0.785
0.6908
-0.3612
0.6908
0.5574
0.3384
0.5994
-0.3612
0.6808
0.6597
0.4404
0.7579
0.2263
-0.296
0.4588
0.8575
0.8381
0.7937
0.6369
0.6249
0.836
0.4144
0.4215
0.6249
0.3612
0.802
0.6249
0.6249
0.4404
0.6249
0.5719
0.4374
0.5618
0.0772
0.9118
0.2263
-0.357
0.25
0.4199
0.25
0.4199
-0.4215
0.6369
-0.3252
0.5563
0.3612

2018-09-22 01:25:18
T0.0
0.7024
0.4926

2018-08-28 22:19:43
T0.2144
T-0.3182
T-0.0772
T0.0829
T0.6249
T-0.5574
T0.0
T0.3612
T0.101
0.6597
0.5267
0.4767
0.2382
0.3612
0.0772
-0.2392
0.3089
-0.2023
0.4019

2018-09-21 18:19:34
T0.0
0.6588
0.6696

2018-09-04 08:03:43
T-0.2023
0.5859
0.6222
-0.3612
-0.5499
0.25
0.0258
0.4404
0.6124
0.4019
-0.0258
0.5423
-0.4588
0.2177
0.5574
0.6124
-0.4404
0.3182
-0.4404
0.1531

2018-09-17 23:42:06
T0.0
T0.3612
-0.4215

2018-08-09 02:10:01
T0.0
0.5773
-0.4767
0.8689
0.0258
0.5267
0.3182
0.3612
0.4588
0.4404
-0.128
0.3612
0.3612
0.4019
0.5994
-0.4215
0.3612
-0.5106
-0.4215
0.3612
-0.1027
0.4404
0.3291
-0.296
0.6808
0.4404
0.2944
-0.6258
0.3612

2018-09-19 00:42:52
T0.0
-0.4767
-0.1232
0.6696
-0.7269
0.2111

2018-09-06 18:34:16
T0.3612
0.0258
0.0258
-0.3182
0.7269
0.1027
-0.8944

2018-09-05 17:24:24
T0.0
-0.34
-0.5423
-0.7506
-0.0772

2018-09-05 17:05:36
T0.0
0.3182
-0.5106
-0.4215
-0.7278
-0.3089
0.4215
0.3182

2018-09-16 23:52:48
T0.0
T0.0
T0.0
T0.0
T0.204
0.4404
-0.6808
0.4926

2018-09-06 18:34:09
T-0.5574
T0.743
T0.0
0.4019
0.4019
-0.2411
0.2023
-0.2023
0.4404
0.3612
0.7506

2018-08-04 01:18:52
T0.0
T0.0
T0.4926
0.4019
0.4588
0.69
-0.4015
0.4003
0.4199
0.4404
0.1655
-0.296
-0.0772
0.6696
0.4404
0.1531
0.1027
-0.5574
0.3903
0.4926
0.802
-0.8172
0.6808

2018-09-16 21:34:48
T0.0
0.802
0.743
0.3182
0.7263
0.7938
0.4215

2018-09-12 22:32:59
T0.2617
0.7184
0.2023
-0.5267
-0.1232
0.4404
0.4926
0.4019

2018-09-13 01:14:18
T0.0
T0.0
0.7269

2018-09-05 19:29:34
T0.0
T0.0
-0.296
0.4019
-0.5574
-0.6597
0.4588
-0.886
0.4404
0.6588
0.3612
0.6249

2018-09-05 21:51:32
T0.0
-0.1695
0.3612
-0.5574

2018-09-20 00:33:34
T0.0
-0.25
0.1779
0.3612

2018-09-13 07:31:11
T0.0
-0.296
-0.0772
-0.2263
0.296
0.5106
0.05
0.4019

2018-09-05 17:50:17
T0.3182
T0.3612
T0.0
T0.0
T0.4576
T0.0
T-0.2716
T-0.3182
T0.674
T0.0
T0.4019
T0.1872
T0.0
T0.539
T-0.7096
0.0521
-0.2682
-0.7717
0.5719
0.2023
-0.5423
-0.3252
0.0258
0.688
0.9195
0.7036
-0.5106
0.4118
-0.2732

2018-09-09 01:02:10
T0.0
T-0.6908
0.7351
0.9859

2018-09-05 04:41:01
T0.0
T0.0
T0.0
0.3612
0.7269

2018-09-08 02:20:34
T0.0
T-0.8625
T-0.6597
T0.0
0.5709
0.8126

2018-09-05 00:52:56
T0.0
T0.6369
T0.839
T0.0772
T0.3612
0.5563
-0.0516
0.5927
0.6597
-0.3252
0.1655
0.4019
0.5994
0.6249
0.5719
0.4404
0.93
-0.3818
0.802
0.6652
-0.3818
0.4019
0.5854
0.6249
0.3804
0.4199

2018-09-12 22:43:48
T0.5106
T0.0
T0.4404
0.664
0.3612
-0.2411

2018-09-16 00:32:04
T-0.8268
0.5423
-0.4404
-0.4404
0.5423
-0.4588

2018-08-22 20:56:04
T0.5411
T0.4939
T0.3182
T0.6901
T0.4199
0.4588
0.9354
0.4199
0.5081
0.7226
0.3612
-0.3252
0.4019
0.4588
0.3612
0.7003
-0.6263
0.6705
0.6597
0.4588
0.3744
0.5267
0.6597
0.5859
-0.0788
-0.3412

2018-09-05 22:00:23
T-0.5423
0.4588
0.4939
-0.3612
-0.4939
-0.4215
-0.4404
0.3865
-0.4753

2018-09-12 02:50:32
T0.0
0.1625
-0.4019
-0.5859
0.204

2018-08-10 19:00:56
T0.0
-0.9349
-0.4767
0.3612
-0.296
0.2263

2018-09-15 18:41:13
T0.0
T0.0
T0.015
T0.0772
T0.4927
T0.3597
T0.5766
T0.6166
-0.1176

2018-08-19 22:42:18
T0.0
T0.4215
0.6486

2018-09-22 11:48:14
T-0.9524
0.1531
0.5423

2018-09-05 06:46:23
T0.0
0.8555
0.1531
0.608
0.7424

2018-09-07 13:21:47
T0.0
-0.851
-0.128
-0.2206
-0.4588
-0.8625
-0.296
-0.0387
0.6369
-0.3612
-0.8126
0.802
0.0516
0.34
0.3612
-0.4588
-0.3182

2018-09-07 09:21:10
T-0.4404
0.851
0.128
0.2206
0.4588
0.8625
0.296
0.0387
-0.6369
0.3612
0.8126
-0.802
-0.0516
-0.34
-0.3612
0.4588
0.4322
0.6249

2018-06-09 01:36:45
T-0.4215
0.4269
0.5994
-0.8807
0.8047
0.7184
0.1695
-0.0772
0.7906
-0.2481
0.0572
0.1316
-0.6705
0.0516
-0.0762
0.6808
-0.3384
0.5267
-0.5927
0.5214
-0.4404
-0.6124
-0.6597
0.3595
-0.1531
0.5719
0.0478
0.631
-0.4019
-0.2732
-0.4404
-0.4019
-0.4449
-0.4588
-0.1779
-0.5106
-0.4215
-0.0516
0.7572
0.5106
0.2498
-0.3182
-0.1655
-0.3291
-0.3182
-0.8807
0.1531
-0.5267
0.4389
0.3252
0.296
0.3612
-0.4966
-0.3182
0.3182
0.5267
-0.1027
0.2023
0.575
-0.2235
0.5267
0.2755
-0.2235
0.2411
-0.7351
0.6124
-0.6124
0.296
-0.3612
-0.2235
-0.34
-0.5859
-0.2023
0.296
-0.0772
0.4164
-0.6808
0.1027
0.6457
0.34
0.7823
0.4201
0.296
0.5106
-0.3089
0.7096
0.1695
-0.1471
0.4588
0.4588

2018-09-09 05:25:44
T0.0

2018-09-07 21:03:17
T-0.4767
T-0.743
0.4767
0.851
0.128
0.2206
0.4588
0.8625
0.296
0.0387
-0.6369
0.3612
0.8126
-0.802
-0.0516
-0.34
-0.3612
0.4588
0.9382
-0.4939
-0.4404

2018-09-10 10:46:40
T0.4019
-0.5842
-0.296
0.1154

2018-09-19 05:58:16
T0.0
0.5538
0.674

2018-09-06 06:30:49
T0.3182
T0.0
T0.5859
T0.3182
T0.0
T0.3612
0.2732
0.0772
-0.5719
0.5859
-0.5423

2018-09-07 23:36:43
T-0.5106
T0.0
T-0.1682
T0.0
-0.6369
0.3612
0.8126
-0.802
-0.0516
-0.34
-0.3612
0.4588
0.3182
0.5574
-0.128

2018-08-10 20:19:54
T-0.5719
-0.4939
0.3818
0.6808
0.296
0.1298
0.0516
-0.3612
-0.4926
0.6476
0.4767
-0.807
-0.743
-0.4522
0.4767
-0.128
0.3291
-0.0762
-0.5106
0.3818
-0.2263
-0.5256
-0.5256
0.5719
-0.7218
-0.2263
-0.0387
-0.3612
-0.4767
0.7076
0.5214
-0.3182
0.4019
0.34
0.2498
-0.8555
0.5423
0.7506
-0.0387
-0.3612
-0.4563
-0.1027

2018-09-04 18:10:32
T0.0
T0.0
-0.5574
-0.3384
-0.743
-0.5423
0.6428
0.6757
-0.3818
0.1695
0.3612
0.0772
-0.7506
-0.2023
-0.6202
0.4019
-0.836
-0.7684

2018-09-10 15:01:56
T0.0
-0.4767
-0.5994
0.6705
-0.6369
0.376
0.5984
-0.5423
-0.7096
-0.4767
-0.836
0.5267
-0.6437

2018-08-31 20:48:26
T0.0
T0.0
0.0772
-0.1531
-0.4118

2018-09-22 10:33:09
T0.0
T-0.2732
T0.2023
T0.6124
T0.1027
0.296

2018-09-23 01:45:12
T0.2023
T0.0
T0.3291
T-0.296
T-0.296
T0.6705
T0.4926
T0.0
T0.0
T0.0
T0.0772
0.4588
0.3612
0.8016
0.3875
0.4199

2018-09-06 02:25:50
T0.0

2018-07-27 00:34:12
T-0.25
-0.6369
-0.8462
0.4391
-0.4003
-0.6361
0.6563
-0.4404
0.296
-0.7469
-0.4926

2018-09-09 04:16:23
T0.4019
T-0.4588
T0.0
0.4588
0.25

2018-08-15 21:02:59
T0.0
0.1114
0.5707
0.0624

2018-09-17 01:41:52
T-0.3182

2018-07-26 03:10:16
T0.0
-0.3976
0.0772
-0.7678
0.7351
0.2023
-0.5106
0.0946

2018-08-30 07:47:29
T0.0
T0.0
T0.296
T0.0
0.5118
0.7522
0.4019
0.4926
-0.296
0.522
-0.5994
0.4588

2018-08-29 00:30:31
T-0.1397
T0.0
T0.0
-0.5106
0.4215
-0.6808
-0.3612
-0.5106
0.5423

2018-08-08 12:15:07
T0.6124
0.2732
0.128
-0.4404
-0.3182
0.4019
0.3612
0.4588

2018-09-05 07:56:44
T0.0
0.1531
0.765

2018-08-23 04:40:47
T0.5106
T0.0
T0.4877
T0.4927
T-0.4019
T0.3612
T0.3089
T0.4926
0.3612
-0.2348
0.9459
0.0772
0.8967
0.2732
0.9245
0.5106
0.2263
0.486
0.3612
0.631
-0.6197
0.5859
-0.5106
0.4926
0.4019
0.4754
0.3382
0.2732
0.6369

2018-09-08 05:35:35
T0.3182
T0.0
T-0.5859
T-0.5719
T-0.5574
-0.2023
0.296
0.8399
0.3818
0.0572
0.5574
-0.4549
